test metrics model m1:
test RMSE: 0.01681397296488285
0.039197295904159546
0.04105464369058609
0.04073994606733322
0.0382019579410553
0.04040271043777466
0.04013493284583092
0.04083986580371857
0.04003242775797844
0.040108390152454376
0.04045865312218666
0.04144154489040375
0.03896420821547508
0.03960263729095459
0.040339406579732895
0.04140804335474968
0.04011867567896843
0.039109211415052414
0.039554111659526825
0.03851398453116417
0.040830742567777634
0.04106234759092331
meanF1a: 0.6860338101626609
accuracy_score_a: 0.621539306640625
Hamming_loss_b: 0.378460693359375
meanF1b: 0.6423879801026781
accuracy_score_b: 0.9388323974609039
Hamming_loss_b: 0.06116760253906332
test metrics model m2:
test RMSE: 0.031031696125864983
0.1809871345758438
0.17312286794185638
0.18616154789924622
0.1724599152803421
0.19302406907081604
0.18266169726848602
0.18209898471832275
0.17865315079689026
0.1697910875082016
0.18403536081314087
0.16483227908611298
0.1686466932296753
0.1900283396244049
0.18172699213027954
0.18303535878658295
0.18461327254772186
0.19097648561000824
0.1829438954591751
0.18853016197681427
0.17337967455387115
0.17921629548072815
meanF1a: 0.7053672564444716
accuracy_score_a: 0.63974609375
Hamming_loss_b: 0.36025390625
meanF1b: 0.570349896505211
accuracy_score_b: 0.9599959988064599
Hamming_loss_b: 0.04000400119357718
test metrics model m3:
test RMSE: 0.04963131994009018
0.22646315395832062
0.21677252650260925
0.2338123768568039
0.22300346195697784
0.22216345369815826
0.2316974252462387
0.21441075205802917
0.22740967571735382
0.23988017439842224
0.24378520250320435
0.22210752964019775
0.2321922481060028
0.21954520046710968
0.22184093296527863
0.24150623381137848
0.23491477966308594
0.22666138410568237
0.2273000031709671
0.23944321274757385
0.2320181280374527
0.23245565593242645
meanF1a: 0.6724524734873493
accuracy_score_a: 0.604534912109375
Hamming_loss_b: 0.395465087890625
meanF1b: 0.390661800257655
accuracy_score_b: 0.9430785319010093
Hamming_loss_b: 0.05692146809895671
