test metrics model m4:
test RMSE: 0.015722103416919708
0.05362463742494583
0.06106192246079445
0.057204462587833405
0.05302552506327629
0.058318138122558594
0.05182551220059395
0.0575188510119915
0.051061466336250305
0.05643368884921074
0.055881109088659286
0.054502855986356735
0.05467267706990242
0.05351952835917473
0.05542091652750969
0.05504818633198738
0.053003452718257904
0.05305662006139755
0.05335146561264992
0.053216274827718735
0.060411009937524796
0.05662921071052551
meanF1a: 0.6720544552890346
accuracy_score_a: 0.627484130859375
Hamming_loss_a: 0.372515869140625
meanF1b: 0.4773916331075447
accuracy_score_b: 0.945562032063809
Hamming_loss_b: 0.054437967936198185
test metrics model m5:
test RMSE: 0.024439064785838127
0.12920501828193665
0.12779894471168518
0.11596668511629105
0.1327027529478073
0.12199757993221283
0.12603256106376648
0.12496040761470795
0.1271851807832718
0.1297059804201126
0.12815038859844208
0.12167217582464218
0.12637384235858917
0.1244918629527092
0.12437640875577927
0.1287534385919571
0.11950429528951645
0.1316312551498413
0.13327857851982117
0.12470892816781998
0.12369505316019058
0.13305339217185974
meanF1a: 0.687734810267446
accuracy_score_a: 0.647015380859375
Hamming_loss_a: 0.352984619140625
meanF1b: 0.3389473542814326
accuracy_score_b: 0.9492023044162565
Hamming_loss_b: 0.05079769558376747
test metrics model m6:
test RMSE: 0.03202356398105621
0.15688855946063995
0.1476912647485733
0.14919497072696686
0.17134341597557068
0.1587909609079361
0.15063558518886566
0.1542307287454605
0.1519891917705536
0.15876619517803192
0.15480497479438782
0.15981265902519226
0.1526278555393219
0.143942728638649
0.1516789048910141
0.15510091185569763
0.1568203717470169
0.15285716950893402
0.15124675631523132
0.14699432253837585
0.15165117383003235
0.15680626034736633
meanF1a: 0.7009525567649411
accuracy_score_a: 0.657183837890625
Hamming_loss_a: 0.342816162109375
meanF1b: 0.3059893406344792
accuracy_score_b: 0.9453780110676847
Hamming_loss_b: 0.054621988932290665
test metrics model m7:
test RMSE: 0.01447132509201765
0.03406689688563347
0.034035809338092804
0.03451200947165489
0.032059043645858765
0.03169053792953491
0.03544001281261444
0.034861162304878235
0.03458518534898758
0.03409064561128616
0.03275800868868828
0.03407860919833183
0.0352286733686924
0.034819282591342926
0.03414219245314598
0.03373213857412338
0.031756915152072906
0.03304183855652809
0.03387144207954407
0.031599778681993484
0.029352981597185135
0.031186336651444435
0.03105327859520912
0.03409796953201294
0.03513260558247566
0.03424537926912308
0.03479822352528572
0.032857879996299744
0.03555362671613693
0.03689749538898468
0.035223279148340225
0.03426734730601311
0.0337313748896122
0.03301195055246353
0.03483256325125694
0.03260703384876251
0.03446129336953163
0.03242084011435509
0.033754862844944
0.033413324505090714
0.03359951078891754
0.03363100066781044
meanF1a: 0.683667865881828
accuracy_score_a: 0.6147735595703125
Hamming_loss_a: 0.3852264404296875
meanF1b: 0.6437707997290953
accuracy_score_b: 0.9433811442057009
Hamming_loss_b: 0.056618855794271575
test metrics model m8:
test RMSE: 0.026102760806679726
0.15423591434955597
0.1488933563232422
0.14526455104351044
0.137141153216362
0.15912441909313202
0.13732974231243134
0.13438749313354492
0.16361290216445923
0.14183948934078217
0.1532832831144333
0.1450968235731125
0.1407421976327896
0.15735477209091187
0.1489817202091217
0.1418454498052597
0.15441392362117767
0.15200765430927277
0.12903374433517456
0.1639717072248459
0.15903234481811523
0.14347799122333527
0.15551739931106567
0.15309011936187744
0.14250238239765167
0.13491442799568176
0.14934423565864563
0.12987825274467468
0.1325386017560959
0.14593695104122162
0.15177488327026367
0.1558740884065628
0.14901623129844666
0.15572373569011688
0.12940582633018494
0.1448337584733963
0.14268681406974792
0.1398417353630066
0.1412172168493271
0.13422420620918274
0.13937436044216156
0.14600709080696106
meanF1a: 0.667539130923988
accuracy_score_a: 0.5944976806640625
Hamming_loss_a: 0.4055023193359375
meanF1b: 0.6978139887669482
accuracy_score_b: 0.9674564954970037
Hamming_loss_b: 0.03254350450303854
test metrics model m9:
test RMSE: 0.03564717620611191
0.20885293185710907
0.24196887016296387
0.21951444447040558
0.27690574526786804
0.22775894403457642
0.2385454922914505
0.23146919906139374
0.23833037912845612
0.24957627058029175
0.28132364153862
0.24121247231960297
0.21155661344528198
0.2254384607076645
0.23602204024791718
0.2230173945426941
0.2272799164056778
0.22325539588928223
0.2235342413187027
0.2442430853843689
0.24667681753635406
0.23837478458881378
0.2509525716304779
0.2499217540025711
0.244083434343338
0.2220294326543808
0.2539557218551636
0.2249417006969452
0.25483253598213196
0.2071298211812973
0.2332395762205124
0.2488485425710678
0.23631612956523895
0.24183064699172974
0.22865478694438934
0.23049266636371613
0.23223404586315155
0.20784613490104675
0.24858009815216064
0.22189907729625702
0.2237113118171692
0.25051912665367126
meanF1a: 0.6652248040604128
accuracy_score_a: 0.5933135986328125
Hamming_loss_a: 0.4066864013671875
meanF1b: 0.5025210675785751
accuracy_score_b: 0.9599657796223433
Hamming_loss_b: 0.04003422037760261
test metrics model m10:
test RMSE: 0.013361004181206226
0.03923358395695686
0.04024355486035347
0.04178486764431
0.03661485016345978
0.04048067331314087
0.04004211723804474
0.04227207973599434
0.04093814268708229
0.041186630725860596
0.041378989815711975
0.042024508118629456
0.040738966315984726
0.04036770388484001
0.037945665419101715
0.04022933915257454
0.03765496239066124
0.03921329230070114
0.03733393922448158
0.040104303508996964
0.04093819484114647
0.040631845593452454
0.036419954150915146
0.03704023361206055
0.03600350394845009
0.03710560500621796
0.03604108467698097
0.03912491351366043
0.04144832864403725
0.034095972776412964
0.03964018449187279
0.044068463146686554
0.04072219133377075
0.03772379830479622
0.039117686450481415
0.03946267440915108
0.03719102963805199
0.03873829171061516
0.03711799159646034
0.03968212381005287
0.03798986226320267
0.0414738804101944
meanF1a: 0.6471311688875218
accuracy_score_a: 0.587640380859375
Hamming_loss_a: 0.412359619140625
meanF1b: 0.5023207321285479
accuracy_score_b: 0.9432743326822927
Hamming_loss_b: 0.05672566731770841
test metrics model m11:
test RMSE: 0.043717510998249054
0.20607762038707733
0.20169499516487122
0.20672188699245453
0.19435785710811615
0.19692619144916534
0.1823485940694809
0.19902755320072174
0.17201343178749084
0.20961134135723114
0.1767762452363968
0.1876654326915741
0.18478727340698242
0.20104967057704926
0.196588397026062
0.19492782652378082
0.20569342374801636
0.20678047835826874
0.1869530826807022
0.18739503622055054
0.19822949171066284
0.18353812396526337
0.19609162211418152
0.20713350176811218
0.20645585656166077
0.19772401452064514
0.20779384672641754
0.22115027904510498
0.19911175966262817
0.1969141662120819
0.18951158225536346
0.2056976705789566
0.19643786549568176
0.18557846546173096
0.20022143423557281
0.19418098032474518
0.20157486200332642
0.20038475096225739
0.19927887618541718
0.19047337770462036
0.2175976186990738
0.17859886586666107
meanF1a: 0.6536520629246596
accuracy_score_a: 0.6169158935546875
Hamming_loss_a: 0.3830841064453125
meanF1b: 0.3153102655364557
accuracy_score_b: 0.947878824869818
Hamming_loss_b: 0.052121175130209106
test metrics model m12:
test RMSE: 0.05558016896247864
0.24650005996227264
0.2406628280878067
0.2249555140733719
0.25245606899261475
0.24439193308353424
0.24189144372940063
0.23321668803691864
0.2386472225189209
0.24235522747039795
0.23660534620285034
0.24016019701957703
0.23306944966316223
0.22909624874591827
0.21473602950572968
0.23582081496715546
0.23439009487628937
0.23166219890117645
0.22286120057106018
0.22213880717754364
0.23807744681835175
0.21837623417377472
0.22996516525745392
0.22835250198841095
0.22346441447734833
0.22985810041427612
0.2404511570930481
0.24370521306991577
0.2309330254793167
0.22952333092689514
0.23574471473693848
0.22605390846729279
0.22560468316078186
0.2576828598976135
0.21397079527378082
0.21913307905197144
0.23271344602108002
0.2408144623041153
0.2243543267250061
0.22823452949523926
0.22405901551246643
0.22523151338100433
meanF1a: 0.6727515787064335
accuracy_score_a: 0.62999267578125
Hamming_loss_a: 0.37000732421875
meanF1b: 0.25578379257846184
accuracy_score_b: 0.9449314778645646
Hamming_loss_b: 0.05506852213541569
