test metrics model m1:
0.021229160949587822
0.055126093327999115
0.05714408680796623
0.05476393550634384
0.052506666630506516
0.05006181076169014
0.054255299270153046
0.048944562673568726
0.05189767852425575
0.05550699681043625
0.05182536318898201
0.042989395558834076
0.05583963543176651
0.054107461124658585
0.05171150341629982
0.0564994178712368
0.05590377375483513
0.05368886515498161
0.05988307669758797
0.052190151065588
0.05402439087629318
0.05395011231303215
meanF1a: 0.6826471827732796
meanF1b: 0.640589928391195
test metrics model m2:
0.022252948954701424
0.05592289939522743
0.06016932800412178
0.056265756487846375
0.05201873928308487
0.05021090805530548
0.05457540974020958
0.04958893731236458
0.05058135837316513
0.057715460658073425
0.05388989299535751
0.04542052000761032
0.05555986240506172
0.05469105765223503
0.05112042278051376
0.06003939360380173
0.05744849517941475
0.054901123046875
0.06313635408878326
0.051837120205163956
0.05201534554362297
0.055189359933137894
meanF1a: 0.6707380993795187
meanF1b: 0.6190924031007354
test metrics model m3:
0.020243043079972267
0.04440595582127571
0.048452407121658325
0.044447701424360275
0.04240997135639191
0.04148780554533005
0.04443565011024475
0.038835056126117706
0.04250849038362503
0.04529576748609543
0.04385048896074295
0.03635942563414574
0.04686048999428749
0.04547595977783203
0.0442238450050354
0.048397500067949295
0.048697393387556076
0.0418749637901783
0.04835565388202667
0.0443720780313015
0.043774910271167755
0.044826310127973557
meanF1a: 0.6918088264248106
meanF1b: 0.5647641979119052
test metrics model m4:
0.020518992096185684
0.04712202027440071
0.05288868397474289
0.05042807385325432
0.04792138561606407
0.04571995139122009
0.0444471538066864
0.04358292743563652
0.04421616718173027
0.05033183842897415
0.04734296351671219
0.039142437279224396
0.050804249942302704
0.047400228679180145
0.04669743403792381
0.05259048938751221
0.049801502376794815
0.04835747554898262
0.0563201978802681
0.04562009125947952
0.04780100658535957
0.050325773656368256
meanF1a: 0.7113244007590371
meanF1b: 0.5974076963930213
test metrics model m5:
0.022442199289798737
0.05157214030623436
0.05933913588523865
0.05468955636024475
0.04939083382487297
0.04869786277413368
0.04851698875427246
0.04613848775625229
0.05024722218513489
0.05522456020116806
0.051678627729415894
0.04295026883482933
0.05246783420443535
0.0524941012263298
0.050835590809583664
0.058409690856933594
0.05544274300336838
0.05355243384838104
0.06228083744645119
0.05024578049778938
0.05030664801597595
0.05414951965212822
meanF1a: 0.6861848912084443
meanF1b: 0.5813945561963922
test metrics model m6:
0.02174362540245056
0.04414618760347366
0.04884997382760048
0.04740222916007042
0.045131076127290726
0.04334695264697075
0.0431501679122448
0.04179609939455986
0.04455571621656418
0.04713132977485657
0.045134931802749634
0.03844979405403137
0.04712936282157898
0.044209133833646774
0.04890920966863632
0.051793284714221954
0.04994705319404602
0.04597214609384537
0.04979171231389046
0.044356994330883026
0.043151818215847015
0.04402759671211243
meanF1a: 0.6935455427703723
meanF1b: 0.5268935171283432
test metrics model m7:
0.020196879282593727
0.04958711192011833
0.04739825427532196
0.04905742034316063
0.05276457220315933
0.05132293701171875
0.04852312430739403
0.0493326373398304
0.045348744839429855
0.04911872372031212
0.05394010990858078
0.05306503176689148
0.048217277973890305
0.05595668405294418
0.04790231212973595
0.055629316717386246
0.04773786664009094
0.050831377506256104
0.04862329363822937
0.05630900710821152
0.05044221132993698
0.05126087740063667
0.056370582431554794
0.05027006193995476
0.04855901002883911
0.04534364491701126
0.04522231966257095
0.05076506733894348
0.05055631697177887
0.05161594599485397
0.051732126623392105
0.047687456011772156
0.047453947365283966
0.05056506767868996
0.047153979539871216
0.05094528943300247
0.054668840020895004
0.04777607321739197
0.05067440867424011
0.048013195395469666
0.0486752912402153
0.045921698212623596
meanF1a: 0.6710059329933367
meanF1b: 0.7013252032820876
test metrics model m8:
0.023831823840737343
0.0847739726305008
0.08291158080101013
0.08416318148374557
0.08846673369407654
0.08687052130699158
0.07852166146039963
0.0871647298336029
0.0775766372680664
0.07899969071149826
0.0886584222316742
0.09050015360116959
0.08189075440168381
0.0861934944987297
0.07854313403367996
0.1020149514079094
0.09462115168571472
0.08061353862285614
0.08885367959737778
0.09545889496803284
0.08275948464870453
0.09696204960346222
0.09480483084917068
0.09192175418138504
0.08637404441833496
0.08175744861364365
0.08189290016889572
0.09096965193748474
0.0918629989027977
0.0932573527097702
0.08917613327503204
0.07831074297428131
0.08322445303201675
0.09209881722927094
0.07740584015846252
0.09212643653154373
0.09341971576213837
0.07404138147830963
0.08278452605009079
0.07835417240858078
0.09129559993743896
0.08079284429550171
meanF1a: 0.6396614473029669
meanF1b: 0.8062009662496692
test metrics model m9:
0.017601672559976578
0.03984219580888748
0.039730750024318695
0.04078194871544838
0.04229394719004631
0.04087537154555321
0.040609411895275116
0.04062454029917717
0.03546825423836708
0.04002923518419266
0.041840385645627975
0.043637216091156006
0.04102156683802605
0.04345899447798729
0.038723379373550415
0.04593352600932121
0.03975759819149971
0.04117308557033539
0.03930183872580528
0.04477154463529587
0.03978193178772926
0.041559264063835144
0.044817760586738586
0.04220935329794884
0.04205896332859993
0.0388951376080513
0.03751374036073685
0.041724350303411484
0.04121633991599083
0.04226909950375557
0.042826227843761444
0.039433419704437256
0.03928615525364876
0.04247654974460602
0.04077470302581787
0.04418389871716499
0.043683748692274094
0.03911832347512245
0.04085226356983185
0.03699227049946785
0.043433282524347305
0.03953356295824051
meanF1a: 0.6754016531730586
meanF1b: 0.6573699517738778
test metrics model m10:
0.03237541764974594
0.06418595463037491
0.06478291004896164
0.0655265599489212
0.06601018458604813
0.06679457426071167
0.06156260892748833
0.06519728153944016
0.05641191825270653
0.06399986147880554
0.06726476550102234
0.06801629811525345
0.060202691704034805
0.06851005554199219
0.06525897234678268
0.07199488580226898
0.06414883583784103
0.06714051216840744
0.06844969093799591
0.0718681663274765
0.06767726689577103
0.07279022783041
0.07270725816488266
0.06553191691637039
0.062094077467918396
0.06066910922527313
0.060049086809158325
0.06564173102378845
0.07148807495832443
0.0681661069393158
0.06345906853675842
0.061469390988349915
0.05935636907815933
0.06598685681819916
0.060055576264858246
0.0671672523021698
0.07382802665233612
0.061047784984111786
0.06618548929691315
0.06230226531624794
0.06703388690948486
0.059463612735271454
meanF1a: 0.6922218909473735
meanF1b: 0.7102880515198482
test metrics model m11:
0.01759251579642296
0.03828837722539902
0.0415547750890255
0.036921076476573944
0.038684163242578506
0.040703658014535904
0.03796171396970749
0.04355381801724434
0.035912469029426575
0.038653697818517685
0.04274148494005203
0.04289824143052101
0.038550201803445816
0.03897006809711456
0.04009009152650833
0.04880072548985481
0.037386275827884674
0.04298974201083183
0.040902748703956604
0.04203955829143524
0.03951413556933403
0.04424251988530159
0.043826326727867126
0.04187531769275665
0.04091809689998627
0.037621356546878815
0.03734557703137398
0.037763845175504684
0.04059569537639618
0.04209016636013985
0.04075472801923752
0.038214948028326035
0.037223394960165024
0.039828427135944366
0.038523536175489426
0.044582948088645935
0.042399872094392776
0.03721383586525917
0.03660624101758003
0.03894125670194626
0.043725062161684036
0.03611607104539871
meanF1a: 0.6943093195177866
meanF1b: 0.6207330481663988
test metrics model m12:
0.01674223318696022
0.03781173750758171
0.03445369377732277
0.03522587567567825
0.0348467156291008
0.03655068576335907
0.034432146698236465
0.038756363093853
0.03293737769126892
0.03531455621123314
0.040961284190416336
0.0370512530207634
0.03538789227604866
0.03649022430181503
0.03574565425515175
0.04089443385601044
0.03640666976571083
0.03844746574759483
0.03687718138098717
0.038229480385780334
0.036331888288259506
0.03948415815830231
0.041931357234716415
0.036399345844984055
0.03803011402487755
0.03723983094096184
0.03483594208955765
0.036467283964157104
0.03674795478582382
0.039099935442209244
0.036372799426317215
0.03665759414434433
0.03374377265572548
0.03817591816186905
0.03369278460741043
0.041022755205631256
0.04178134351968765
0.03500202298164368
0.035686179995536804
0.03570733964443207
0.040862247347831726
0.03486768901348114
meanF1a: 0.6807589028000469
meanF1b: 0.6101206447932308
test metrics model m13:
0.029419979080557823
0.12395206838846207
0.17210666835308075
0.1434982717037201
0.15001799166202545
0.1428060233592987
0.128152534365654
0.17570911347866058
0.13874126970767975
0.12053972482681274
0.1286066472530365
0.14565522968769073
0.1352260410785675
0.12459184229373932
0.1617186814546585
0.15656834840774536
0.12638460099697113
0.10320653021335602
0.1483568251132965
0.14292438328266144
0.1738070249557495
0.12274358421564102
meanF1a: 0.716169487497668
meanF1b: 0.4561140611527061
test metrics model m14:
0.028616931289434433
0.11773211508989334
0.16485223174095154
0.13762523233890533
0.14715459942817688
0.13724222779273987
0.12360791116952896
0.1698891818523407
0.13241609930992126
0.11385080963373184
0.12324849516153336
0.1408635824918747
0.1307527720928192
0.11905726045370102
0.1554475873708725
0.15141065418720245
0.12115027010440826
0.10031875967979431
0.14299838244915009
0.1362745314836502
0.16572009027004242
0.11830905824899673
meanF1a: 0.7185907512436176
meanF1b: 0.46984484224063505
test metrics model m15:
0.02922341786324978
0.11383448541164398
0.154814213514328
0.13061287999153137
0.13776662945747375
0.13073942065238953
0.11657116562128067
0.15995967388153076
0.12698957324028015
0.1097802072763443
0.11813171952962875
0.13105729222297668
0.12355643510818481
0.11214770376682281
0.1462448537349701
0.143402099609375
0.11429868638515472
0.09407135844230652
0.13466410338878632
0.12966307997703552
0.15578684210777283
0.11244023591279984
meanF1a: 0.7191632006164754
meanF1b: 0.47863425567588774
test metrics model m16:
0.026530824601650238
0.12192755937576294
0.17041726410388947
0.14183954894542694
0.14560404419898987
0.14054128527641296
0.12880533933639526
0.17340250313282013
0.1380443274974823
0.11770719289779663
0.12645933032035828
0.1450187861919403
0.1348644644021988
0.1231229156255722
0.1618587076663971
0.15713337063789368
0.12643511593341827
0.10249610245227814
0.14821428060531616
0.1404486894607544
0.17180517315864563
0.12035278975963593
meanF1a: 0.7155868856116818
meanF1b: 0.46287223349459505
test metrics model m17:
0.025498654693365097
0.10968932509422302
0.1484827697277069
0.12534454464912415
0.1296650618314743
0.1230567991733551
0.1124650314450264
0.1508782058954239
0.12266536802053452
0.10524340718984604
0.11140383780002594
0.12874329090118408
0.11935994774103165
0.10959454625844955
0.13921652734279633
0.13788703083992004
0.11248200386762619
0.09262720495462418
0.12889155745506287
0.12357289344072342
0.1462230682373047
0.10700373351573944
meanF1a: 0.7157910610630467
meanF1b: 0.4965701783767023
test metrics model m18:
0.03089192695915699
0.12537997961044312
0.17539116740226746
0.14602771401405334
0.15293928980827332
0.14701712131500244
0.1318841278553009
0.18322598934173584
0.1420150101184845
0.12189904600381851
0.1316799372434616
0.1487036943435669
0.14009791612625122
0.12713730335235596
0.1657015085220337
0.16168159246444702
0.12947291135787964
0.106058768928051
0.1528414636850357
0.14466145634651184
0.17749057710170746
0.1247820183634758
meanF1a: 0.7163131316469393
meanF1b: 0.4469638504798453
test metrics model m19:
0.02236623503267765
0.12446703761816025
0.13579699397087097
0.10245083272457123
0.10812148451805115
0.11794210225343704
0.10555320978164673
0.10882136970758438
0.10167955607175827
0.11197902262210846
0.11858608573675156
0.10557559877634048
0.1167537048459053
0.11223944276571274
0.11488182097673416
0.10139171034097672
0.11408264189958572
0.10646577179431915
0.11472141742706299
0.1237923800945282
0.10751374065876007
0.0946108028292656
0.11249199509620667
0.10617487877607346
0.10630425810813904
0.10300575941801071
0.1082065999507904
0.1227673813700676
0.10514114052057266
0.10084602236747742
0.10620656609535217
0.10673566162586212
0.11258699744939804
0.09559448808431625
0.10967180132865906
0.10409970581531525
0.08773299306631088
0.10528579354286194
0.10345834493637085
0.10750347375869751
0.110770083963871
0.11962968856096268
meanF1a: 0.638448339479012
meanF1b: 0.6093999968885985
test metrics model m20:
0.031046826392412186
0.19895488023757935
0.2041858583688736
0.1560010015964508
0.16266509890556335
0.1896844506263733
0.16123606264591217
0.1652485877275467
0.15310896933078766
0.17164203524589539
0.18361547589302063
0.1573294848203659
0.177470862865448
0.1663064956665039
0.17810893058776855
0.1511496603488922
0.17455899715423584
0.15794523060321808
0.1774614006280899
0.18599428236484528
0.15580621361732483
0.14136114716529846
0.1677822321653366
0.16591212153434753
0.16264058649539948
0.16308161616325378
0.16592973470687866
0.18709883093833923
0.15960314869880676
0.15534812211990356
0.1607339233160019
0.15895628929138184
0.17156139016151428
0.1380501240491867
0.16489094495773315
0.16261951625347137
0.12821920216083527
0.1649085432291031
0.1614127904176712
0.15789823234081268
0.16771794855594635
0.18977269530296326
meanF1a: 0.6469681398624814
meanF1b: 0.5025181206689227
test metrics model m21:
0.021686123684048653
0.110991932451725
0.11661798506975174
0.09263311326503754
0.09477988630533218
0.1034356877207756
0.09348955750465393
0.09478118270635605
0.08818669617176056
0.0992056131362915
0.10304044187068939
0.09320597350597382
0.10410761088132858
0.09938132017850876
0.10414517670869827
0.0876689925789833
0.09937730431556702
0.09341055899858475
0.10152513533830643
0.10955449193716049
0.09390103816986084
0.08425542712211609
0.09821765124797821
0.09246806055307388
0.0932774692773819
0.09121617674827576
0.09458649158477783
0.10726387053728104
0.0920596495270729
0.0902574434876442
0.09298858046531677
0.09629745781421661
0.09710950404405594
0.08394890278577805
0.09666524082422256
0.09269359707832336
0.07713574916124344
0.09242710471153259
0.089963898062706
0.09352243691682816
0.0965457409620285
0.10656220465898514
meanF1a: 0.6410076672260167
meanF1b: 0.628024946069846
test metrics model m22:
0.023628879338502884
0.12140490114688873
0.13002827763557434
0.09957502037286758
0.1084226667881012
0.1154387965798378
0.10090511292219162
0.1074657216668129
0.09940783679485321
0.1045222282409668
0.11365988105535507
0.1004139855504036
0.11361750960350037
0.10607078671455383
0.11046509444713593
0.09526528418064117
0.10913021862506866
0.10116500407457352
0.10771813988685608
0.11329242587089539
0.09773360192775726
0.0910201296210289
0.10392659157514572
0.10197125375270844
0.10281433910131454
0.10301166772842407
0.103640615940094
0.11712022870779037
0.10159384459257126
0.09925035387277603
0.10154733061790466
0.10310345143079758
0.10344336926937103
0.09186914563179016
0.10166802257299423
0.1014639213681221
0.08333084732294083
0.09918926656246185
0.09925632923841476
0.10120470076799393
0.10775072127580643
0.1151033490896225
meanF1a: 0.6562905389281978
meanF1b: 0.60880911578668
test metrics model m23:
0.018175115808844566
0.04815293848514557
0.05745047330856323
0.04570874571800232
0.05265228822827339
0.047461774200201035
0.04553406685590744
0.04833850637078285
0.049138762056827545
0.0509444922208786
0.05291571840643883
0.04788157716393471
0.05462774261832237
0.05210339277982712
0.05340530723333359
0.05034125596284866
0.05125755816698074
0.05150125175714493
0.04871577396988869
0.05058926343917847
0.04847171902656555
0.04725616052746773
0.04806607961654663
0.04786666855216026
0.05006957799196243
0.0476544089615345
0.0482650026679039
0.052279338240623474
0.04852493107318878
0.04852699860930443
0.047969985753297806
0.05276011675596237
0.04868367314338684
0.044190775603055954
0.049116019159555435
0.04849730059504509
0.042995285242795944
0.049560222774744034
0.044893309473991394
0.04854520782828331
0.04771823436021805
0.050984568893909454
meanF1a: 0.6867022831637323
meanF1b: 0.6166284352358209
test metrics model m24:
0.022152332589030266
0.0744641125202179
0.09215546399354935
0.06879273056983948
0.0762428417801857
0.07079190760850906
0.07038308680057526
0.07355008274316788
0.0695876032114029
0.07554777711629868
0.0806155800819397
0.07505420595407486
0.07803501933813095
0.08049020916223526
0.0786353051662445
0.07360303401947021
0.07594281435012817
0.07207890599966049
0.07770384103059769
0.08256165683269501
0.07573863118886948
0.0646633505821228
0.07554277777671814
0.06805060058832169
0.07244069874286652
0.06934158504009247
0.07110032439231873
0.080692820250988
0.07211489230394363
0.06734335422515869
0.0718717947602272
0.07748100906610489
0.07473836839199066
0.06841502338647842
0.07297688722610474
0.06798604875802994
0.06224556267261505
0.07337161898612976
0.06805650889873505
0.07657068222761154
0.07019693404436111
0.07527746260166168
meanF1a: 0.6774636341873335
meanF1b: 0.6276704347475669
test metrics model m25:
0.020123176276683807
0.05192773789167404
0.05616983771324158
0.051449667662382126
0.05862438678741455
0.06253686547279358
0.05605500191450119
0.0585031621158123
0.05841974914073944
0.05842166766524315
0.056760936975479126
0.058634769171476364
0.05626354366540909
0.05627217888832092
0.05243229120969772
0.053256869316101074
0.06203087791800499
0.06355942785739899
0.060162920504808426
0.0588139109313488
0.057367365807294846
0.0536334291100502
meanF1a: 0.7034764019136972
meanF1b: 0.6778651438531236
test metrics model m26:
0.01721648871898651
0.03768997639417648
0.040596749633550644
0.03655295446515083
0.043484609574079514
0.04364033415913582
0.03976411372423172
0.039515867829322815
0.039360519498586655
0.041869375854730606
0.040326088666915894
0.04014499485492706
0.038930900394916534
0.03795120492577553
0.03613686561584473
0.03845237195491791
0.041761364787817
0.04345695301890373
0.041727464646101
0.041924282908439636
0.03775864094495773
0.03845493495464325
meanF1a: 0.6820154777083365
meanF1b: 0.6141053505019418
test metrics model m27:
0.020653605461120605
0.050927333533763885
0.05208912864327431
0.04863230884075165
0.05207989737391472
0.05752865970134735
0.05064242705702782
0.05312320590019226
0.05239946022629738
0.054528843611478806
0.0532902292907238
0.05460266396403313
0.04888274148106575
0.05093357712030411
0.047980956733226776
0.04886262118816376
0.057976897805929184
0.05928972736001015
0.05316677689552307
0.052667707204818726
0.050514426082372665
0.049219466745853424
meanF1a: 0.6966966840957229
meanF1b: 0.6383198190949736
test metrics model m28:
0.020563216879963875
0.049833137542009354
0.05540608614683151
0.04976985976099968
0.05644836276769638
0.061799462884664536
0.05505460128188133
0.05519288405776024
0.054261356592178345
0.05585261806845665
0.05331705883145332
0.055621832609176636
0.05536741390824318
0.05164962261915207
0.050488006323575974
0.051737088710069656
0.056391578167676926
0.05758281424641609
0.060447998344898224
0.05718791484832764
0.05274171009659767
0.05188780277967453
meanF1a: 0.7117998433531444
meanF1b: 0.6482154540085322
test metrics model m29:
0.023382430896162987
0.06863240897655487
0.07589993625879288
0.06605644524097443
0.0779358521103859
0.08008550852537155
0.0710371881723404
0.07721129804849625
0.07284308969974518
0.07891961187124252
0.07203306257724762
0.0766950249671936
0.07547158002853394
0.07008323818445206
0.07019032537937164
0.06723860651254654
0.08207812905311584
0.07676807045936584
0.08032160997390747
0.07677005231380463
0.07317046076059341
0.06905459612607956
meanF1a: 0.7111396272609489
meanF1b: 0.6793061729065968
test metrics model m30:
0.019503125920891762
0.04233301058411598
0.04630002751946449
0.0406731441617012
0.04446389898657799
0.04563172534108162
0.04177393391728401
0.04296109080314636
0.04426957294344902
0.04641072824597359
0.042287297546863556
0.044647663831710815
0.04480976611375809
0.04099453240633011
0.03821991756558418
0.04447396472096443
0.04434042051434517
0.04763391613960266
0.043555013835430145
0.045099712908267975
0.041048962622880936
0.04241945967078209
meanF1a: 0.6962296040637408
meanF1b: 0.5766962637503645
test metrics model m31:
0.019252236932516098
0.044369202107191086
0.04871071130037308
0.0451492965221405
0.03996605426073074
0.038569338619709015
0.04295749589800835
0.039558105170726776
0.043524257838726044
0.03975478559732437
0.042260054498910904
0.040135305374860764
0.04188990592956543
0.042173415422439575
0.04943437874317169
0.044052183628082275
0.04194536432623863
0.04046947509050369
0.04165761172771454
0.038525789976119995
0.043679289519786835
0.04047335311770439
0.045501645654439926
0.04454335942864418
0.049180883914232254
0.04298143461346626
0.044109880924224854
0.043773774057626724
0.04574039950966835
0.04496825858950615
0.04306521266698837
0.043909166008234024
0.041284143924713135
0.04242981597781181
0.04601910337805748
0.04268999770283699
0.04279808700084686
0.045971717685461044
0.04476729780435562
0.04509690776467323
0.04120440036058426
0.044213857501745224
meanF1a: 0.6884639595107759
meanF1b: 0.6675014062618838
test metrics model m32:
0.020050635561347008
0.047940149903297424
0.05124172940850258
0.047811150550842285
0.04423369839787483
0.041175827383995056
0.047815173864364624
0.04310207441449165
0.047894008457660675
0.045427996665239334
0.04544246941804886
0.044274501502513885
0.044751543551683426
0.04818001762032509
0.05337894335389137
0.048292845487594604
0.044767506420612335
0.04572038725018501
0.045446526259183884
0.0417429618537426
0.04942367598414421
0.04352378472685814
0.047730833292007446
0.04689506068825722
0.0527544729411602
0.04636169597506523
0.047566499561071396
0.04875849932432175
0.04938920587301254
0.04955039545893669
0.04580191150307655
0.04673774167895317
0.04404531419277191
0.04714782536029816
0.04968675225973129
0.04832853376865387
0.04521789774298668
0.05113909766077995
0.04882550239562988
0.04922778531908989
0.042660169303417206
0.047379255294799805
meanF1a: 0.6786043834126783
meanF1b: 0.6833121429934299
test metrics model m33:
0.02324085868895054
0.07012927532196045
0.0728897973895073
0.06393121182918549
0.06035131961107254
0.05380776524543762
0.06797657161951065
0.05384152755141258
0.06377042829990387
0.06227189674973488
0.06757247447967529
0.05892840772867203
0.061670802533626556
0.07078869640827179
0.073370561003685
0.06829871982336044
0.06188772991299629
0.06572294980287552
0.05977926775813103
0.057574789971113205
0.06769397854804993
0.05835924670100212
0.0693904310464859
0.07101117074489594
0.07611323893070221
0.06730671972036362
0.0679452046751976
0.06314544379711151
0.06957758963108063
0.07360856980085373
0.06063240393996239
0.06501096487045288
0.06621874123811722
0.06810023635625839
0.07189410924911499
0.06872660666704178
0.06387313455343246
0.06852611899375916
0.06839660555124283
0.0726652517914772
0.05947622284293175
0.06734401732683182
meanF1a: 0.6763520025936598
meanF1b: 0.7245752183658488
test metrics model m34:
0.028468141332268715
0.06729405373334885
0.06518956273794174
0.06597091257572174
0.05523798614740372
0.057722654193639755
0.061819326132535934
0.05469699576497078
0.06436177343130112
0.056797150522470474
0.05850528925657272
0.055769290775060654
0.05963914096355438
0.05910170450806618
0.07587768137454987
0.0629204735159874
0.0574125200510025
0.05510025471448898
0.05853172764182091
0.05483078211545944
0.06564147025346756
0.05710672214627266
0.061584554612636566
0.06441228836774826
0.07025758922100067
0.061056364327669144
0.0631202980875969
0.06314969062805176
0.06937678158283234
0.06760720908641815
0.060084663331508636
0.06300884485244751
0.0592680498957634
0.06702136248350143
0.06847984343767166
0.06331935524940491
0.06419052183628082
0.06472351402044296
0.06616757810115814
0.0648849755525589
0.05895541235804558
0.060045234858989716
meanF1a: 0.678060875530961
meanF1b: 0.6681470664103826
test metrics model m35:
0.017521094530820847
0.03712651506066322
0.042097825556993484
0.03934188559651375
0.03722966089844704
0.03253553435206413
0.0381084680557251
0.0341402031481266
0.03575190156698227
0.03447447717189789
0.0355326272547245
0.0346980094909668
0.035742778331041336
0.03630690649151802
0.04157038778066635
0.03780732676386833
0.0368039496243
0.034266624599695206
0.037181176245212555
0.03391515463590622
0.038536835461854935
0.03655271232128143
0.03920477628707886
0.03981148079037666
0.04403189942240715
0.037196893244981766
0.039210665971040726
0.03860045224428177
0.03941601142287254
0.04044567421078682
0.03842299059033394
0.038925860077142715
0.03630265220999718
0.03600744158029556
0.04207960143685341
0.03788818418979645
0.037471260875463486
0.039573535323143005
0.03808203712105751
0.03940887749195099
0.0369931161403656
0.03896670043468475
meanF1a: 0.7122085438498523
meanF1b: 0.6510062479350343
test metrics model m36:
0.018478162586688995
0.03989596664905548
0.044416289776563644
0.0414280965924263
0.03850770369172096
0.03445262834429741
0.040894754230976105
0.035685837268829346
0.0377238467335701
0.03555648401379585
0.038404397666454315
0.03659515455365181
0.03802027925848961
0.0389409065246582
0.043459516018629074
0.039282966405153275
0.04046004265546799
0.03590992093086243
0.03989628329873085
0.03508950024843216
0.039195068180561066
0.0382239855825901
0.042163487523794174
0.04129397124052048
0.045958057045936584
0.039188824594020844
0.04126264527440071
0.03953167796134949
0.041389912366867065
0.042433202266693115
0.0395839586853981
0.03989024832844734
0.03713405504822731
0.038178183138370514
0.04364555701613426
0.03999992832541466
0.04030892252922058
0.04127280414104462
0.039612315595149994
0.04210098832845688
0.039662107825279236
0.04178274795413017
meanF1a: 0.7051654707619759
meanF1b: 0.6366850720184932
test metrics model m37:
0.022130347788333893
0.10380858182907104
0.08404690027236938
0.09257332235574722
0.09733416885137558
0.08665816485881805
0.09093751013278961
0.08275146782398224
0.09874202311038971
0.0961797684431076
0.08847258985042572
0.08370265364646912
0.08573612570762634
0.10888148844242096
0.08910999447107315
0.09447863698005676
0.08818795531988144
0.09758049994707108
0.08488645404577255
0.09084571152925491
0.09388355910778046
0.08489273488521576
meanF1a: 0.7000199224872042
meanF1b: 0.33717347866348235
test metrics model m38:
0.01682543382048607
0.08007680624723434
0.06585531681776047
0.07062795758247375
0.07562641054391861
0.06705315411090851
0.07197815179824829
0.06414864957332611
0.07775469124317169
0.07367802411317825
0.06786469370126724
0.06484994292259216
0.06786953657865524
0.08552711457014084
0.06978215277194977
0.07320956140756607
0.06967015564441681
0.07587505877017975
0.06538611650466919
0.0710129588842392
0.07319558411836624
0.06619102507829666
meanF1a: 0.7030148729632828
meanF1b: 0.38895067403244715
test metrics model m39:
0.01634407229721546
0.06541059166193008
0.05532223731279373
0.058935653418302536
0.06316821277141571
0.055837102234363556
0.05876461789011955
0.05400969833135605
0.06362763792276382
0.062078289687633514
0.05769626423716545
0.054307907819747925
0.0566120445728302
0.07069474458694458
0.05959191173315048
0.06125662848353386
0.05871007591485977
0.06273268163204193
0.054698631167411804
0.06018068268895149
0.0611177459359169
0.05562243610620499
meanF1a: 0.6985884649732101
meanF1b: 0.4081420215237572
test metrics model m40:
0.019030969589948654
0.09892479330301285
0.07976528257131577
0.08763562142848969
0.09302957355976105
0.08237127959728241
0.08725108206272125
0.07945205271244049
0.09461110830307007
0.09209677577018738
0.08526993542909622
0.07965519279241562
0.08348336070775986
0.10447198152542114
0.08610056340694427
0.09153943508863449
0.08393541723489761
0.09323426336050034
0.08085808157920837
0.08657185733318329
0.08965751528739929
0.0813218429684639
meanF1a: 0.7011425162499838
meanF1b: 0.34915337893215104
test metrics model m41:
0.017585817724466324
0.08826090395450592
0.07205649465322495
0.07708204537630081
0.08339637517929077
0.07287586480379105
0.07740951329469681
0.07171494513750076
0.08379834145307541
0.08230846375226974
0.07541943341493607
0.07183228433132172
0.07534061372280121
0.09285018593072891
0.07722283154726028
0.081200510263443
0.07602132856845856
0.08255870640277863
0.07159382849931717
0.07688160985708237
0.07992999255657196
0.07276704162359238
meanF1a: 0.7010338853454351
meanF1b: 0.36820045903285065
test metrics model m42:
0.019173910841345787
0.08723447471857071
0.07122611999511719
0.07701433449983597
0.08192693442106247
0.07326573133468628
0.0766221433877945
0.07109159231185913
0.08394745737314224
0.08046634495258331
0.07525261491537094
0.07208581268787384
0.07475435733795166
0.09274608641862869
0.07592450827360153
0.07951923459768295
0.07595668733119965
0.08401031792163849
0.07097126543521881
0.07691548019647598
0.07985518872737885
0.07250683009624481
meanF1a: 0.6985484085409427
meanF1b: 0.35796855064348154
test metrics model m43:
0.018890291452407837
0.08780590444803238
0.08260323852300644
0.07428940385580063
0.09300567209720612
0.08636703342199326
0.08455122262239456
0.08006595075130463
0.08347722142934799
0.07524123787879944
0.09479334950447083
0.08399404585361481
0.0821571797132492
0.08274964243173599
0.08593939989805222
0.08348074555397034
0.09219393879175186
0.08338187634944916
0.08341223001480103
0.0888424962759018
0.07926220446825027
0.07685341686010361
0.07310312241315842
0.09227674454450607
0.07464957237243652
0.07665655761957169
0.07850880920886993
0.08288255333900452
0.09076432138681412
0.09505139291286469
0.07664178311824799
0.07179106026887894
0.08562285453081131
0.07335193455219269
0.07848328351974487
0.08138026297092438
0.08354511857032776
0.0897974818944931
0.06995288282632828
0.08257461339235306
0.08268532156944275
0.08024690300226212
meanF1a: 0.6887431376115545
meanF1b: 0.4563107328992041
test metrics model m44:
0.018300635740160942
0.08949577808380127
0.08360889554023743
0.07437194138765335
0.09420835971832275
0.0871325135231018
0.0853368267416954
0.08023260533809662
0.0837552547454834
0.07537154108285904
0.09634134918451309
0.0843840017914772
0.08378801494836807
0.08349395543336868
0.08648625016212463
0.08374272286891937
0.09323672950267792
0.08451279252767563
0.08394750952720642
0.09018472582101822
0.08008067309856415
0.07684939354658127
0.07355580478906631
0.09347203373908997
0.07576942443847656
0.07738824188709259
0.07872317731380463
0.0838165283203125
0.09279389679431915
0.09661649167537689
0.07619008421897888
0.0730183944106102
0.08603065460920334
0.07333416491746902
0.08005557209253311
0.08168032765388489
0.08324447274208069
0.09028977155685425
0.07069996744394302
0.08345547318458557
0.08339856564998627
0.08074522018432617
meanF1a: 0.6916563859266159
meanF1b: 0.45767233678662933
test metrics model m45:
0.018226126208901405
0.08672705292701721
0.08091691136360168
0.07194285839796066
0.09099918603897095
0.08408008515834808
0.08271416276693344
0.07777286320924759
0.08058426529169083
0.07304584980010986
0.09347479045391083
0.08231968432664871
0.08096683025360107
0.08089125901460648
0.08335114270448685
0.08105673640966415
0.09025580435991287
0.08095061033964157
0.08169379085302353
0.08745530992746353
0.07804983854293823
0.07535932958126068
0.07222827523946762
0.09008911997079849
0.07371693104505539
0.07505299150943756
0.07600724697113037
0.08088436722755432
0.08962944895029068
0.09347005188465118
0.07445476949214935
0.07134578377008438
0.08326070755720139
0.07073000818490982
0.07723644375801086
0.0792890340089798
0.08090977370738983
0.08756411820650101
0.06751475483179092
0.08066456764936447
0.0811380073428154
0.07776004821062088
meanF1a: 0.6912198615172788
meanF1b: 0.4631116785769323
test metrics model m46:
0.01905450038611889
0.07670794427394867
0.07047243416309357
0.06552682816982269
0.08271931111812592
0.07592108845710754
0.0767912045121193
0.07011210918426514
0.0757557675242424
0.06799629330635071
0.08357655256986618
0.07517162710428238
0.07208102196455002
0.07370033860206604
0.07515455782413483
0.07410337030887604
0.08181457966566086
0.07433193922042847
0.07223716378211975
0.0795629546046257
0.07238494604825974
0.06823292374610901
0.06453783810138702
0.08302948623895645
0.06706351786851883
0.06856926530599594
0.07216848433017731
0.07449787855148315
0.07890559732913971
0.08327299356460571
0.0696825161576271
0.06408345699310303
0.07620831578969955
0.06578981876373291
0.07023143023252487
0.07321459800004959
0.07436233758926392
0.07848475873470306
0.060584794729948044
0.07151134312152863
0.07186895608901978
0.0713183805346489
meanF1a: 0.6773706082635627
meanF1b: 0.46905688626143227
test metrics model m47:
0.016821056604385376
0.05745586007833481
0.05413311719894409
0.04787193238735199
0.06074996665120125
0.05376053974032402
0.05612313002347946
0.050762880593538284
0.0518973171710968
0.04818080738186836
0.058371275663375854
0.05364887788891792
0.05259813368320465
0.04917789623141289
0.05335813760757446
0.05340665578842163
0.05750701576471329
0.05209311097860336
0.05158711224794388
0.056762728840112686
0.05167734995484352
0.048904307186603546
0.04775604233145714
0.05844232067465782
0.04844390228390694
0.049332600086927414
0.05170980468392372
0.05329827591776848
0.0568387508392334
0.05971277132630348
0.052918970584869385
0.048612985759973526
0.05295376479625702
0.04861447215080261
0.05418490245938301
0.05402097478508949
0.054752204567193985
0.05660272762179375
0.04298647865653038
0.05179012566804886
0.05245630443096161
0.05093194916844368
meanF1a: 0.6666049258890514
meanF1b: 0.4790335766278546
test metrics model m48:
0.014936119318008423
0.04159419983625412
0.04056021198630333
0.034490592777729034
0.041417356580495834
0.03854529559612274
0.03987935557961464
0.0377725251019001
0.03691883012652397
0.036583274602890015
0.041710831224918365
0.0383680984377861
0.03830182924866676
0.035580024123191833
0.036863118410110474
0.03855176270008087
0.03966620936989784
0.03807639330625534
0.03776818886399269
0.0401110015809536
0.03754241764545441
0.035617485642433167
0.03434950113296509
0.04127652570605278
0.03502988442778587
0.03548414260149002
0.03744874894618988
0.037427205592393875
0.04029859974980354
0.04091532900929451
0.03784859552979469
0.03550801798701286
0.03627451881766319
0.03502843156456947
0.037133827805519104
0.039600785821676254
0.03844825550913811
0.04091260954737663
0.03413047268986702
0.03755810856819153
0.03787357732653618
0.03728398680686951
meanF1a: 0.6515662926517056
meanF1b: 0.47277731927691635
test metrics model m49:
0.01955815777182579
0.04765241965651512
0.049378104507923126
0.04780135303735733
0.04718353971838951
0.04877641052007675
0.04195195063948631
0.05020764842629433
0.0428817942738533
0.04516617953777313
0.04453978314995766
0.04736994579434395
0.04914408549666405
0.047695476561784744
0.0466204471886158
0.049627576023340225
0.04862167686223984
0.04895781725645065
0.049204252660274506
0.05082080885767937
0.04468932002782822
0.0460917204618454
meanF1a: 0.6788341558747302
meanF1b: 0.6305802148357292
test metrics model m50:
0.017569636926054955
0.037341196089982986
0.04012315720319748
0.04083123803138733
0.038227733224630356
0.04122668504714966
0.03690416365861893
0.043129440397024155
0.03639329597353935
0.03668292611837387
0.0361432246863842
0.03705045208334923
0.03860309720039368
0.038781434297561646
0.03844611346721649
0.04167754203081131
0.043265096843242645
0.03972567245364189
0.03969786316156387
0.04297042638063431
0.03581075370311737
0.03951982781291008
meanF1a: 0.6879611364859557
meanF1b: 0.5832757065009866
test metrics model m51:
0.020076630637049675
0.045741576701402664
0.04867864400148392
0.044710297137498856
0.04447876662015915
0.04499977454543114
0.0412362664937973
0.049028702080249786
0.041683629155159
0.04256812855601311
0.04020749777555466
0.04393095523118973
0.042533595114946365
0.045996539294719696
0.047765038907527924
0.04602978751063347
0.04714202508330345
0.04689672961831093
0.04658375307917595
0.0482804998755455
0.04311290383338928
0.04271531477570534
meanF1a: 0.6833425285034951
meanF1b: 0.5666683489755945
test metrics model m52:
0.027861077338457108
0.10363806784152985
0.1080019474029541
0.09548238664865494
0.09738477319478989
0.10539492964744568
0.0858483538031578
0.10786676406860352
0.08316696435213089
0.09544873237609863
0.08198443055152893
0.09913216531276703
0.09299473464488983
0.0978313758969307
0.10848691314458847
0.10157160460948944
0.10617535561323166
0.10458852350711823
0.10084624588489532
0.10789433866739273
0.0926533043384552
0.09510479867458344
meanF1a: 0.6841895802538348
meanF1b: 0.6845395211157921
test metrics model m53:
0.021199829876422882
0.04943450167775154
0.052267398685216904
0.05251283198595047
0.04919673874974251
0.053266871720552444
0.04593556001782417
0.05487953498959541
0.04547218233346939
0.04604583978652954
0.04736790060997009
0.0468616783618927
0.049385830760002136
0.04914509505033493
0.05162123218178749
0.051770441234111786
0.05305294319987297
0.05180594325065613
0.05407833307981491
0.05620817467570305
0.04590757191181183
0.04795753210783005
meanF1a: 0.6812200220615606
meanF1b: 0.5949211884777921
test metrics model m54:
0.022019721567630768
0.047237783670425415
0.04861230403184891
0.04793306067585945
0.0456753745675087
0.04705742374062538
0.0462518036365509
0.04929395020008087
0.04103805497288704
0.04676032066345215
0.0448986254632473
0.04647804796695709
0.04665932431817055
0.04482821747660637
0.047497909516096115
0.050707992166280746
0.048822931945323944
0.04934202879667282
0.0501236617565155
0.048717230558395386
0.043544624000787735
0.04646363854408264
meanF1a: 0.6830139066285361
meanF1b: 0.5316478482588372
test metrics model m55:
0.022498933598399162
0.06355837732553482
0.05757034197449684
0.06298040598630905
0.07546339184045792
0.06466044485569
0.06651753932237625
0.06948290020227432
0.062173135578632355
0.06895697116851807
0.07102960348129272
0.06775794923305511
0.06604938954114914
0.06495296955108643
0.06769020110368729
0.07233300805091858
0.06253053992986679
0.06684395670890808
0.07599660009145737
0.068028025329113
0.0595514141023159
0.07381170988082886
0.07003191113471985
0.06249624490737915
0.07028838992118835
0.06854133307933807
0.07034912705421448
0.06530585139989853
0.06525404751300812
0.059355683624744415
0.06255583465099335
0.0699240192770958
0.06924895942211151
0.07261954993009567
0.06385685503482819
0.06334248930215836
0.06995010375976562
0.06504590064287186
0.07387696206569672
0.06537886708974838
0.058993980288505554
0.07453453540802002
meanF1a: 0.6821688948734154
meanF1b: 0.7696385564844817
test metrics model m56:
0.017359577119350433
0.040031034499406815
0.038846444338560104
0.04017069563269615
0.044574107974767685
0.04175471141934395
0.03877948969602585
0.040843091905117035
0.03875872865319252
0.04408465698361397
0.0444113090634346
0.044032301753759384
0.04089862108230591
0.041416414082050323
0.043563637882471085
0.04204164072871208
0.040830567479133606
0.044477175921201706
0.04441193863749504
0.04140361770987511
0.040398161858320236
0.04483256861567497
0.041792694479227066
0.03875415399670601
0.04303452745079994
0.04221440479159355
0.043032027781009674
0.04154045134782791
0.04155335575342178
0.03710981085896492
0.041615232825279236
0.0416734479367733
0.043863654136657715
0.04317793995141983
0.04164458066225052
0.040228161960840225
0.0434870645403862
0.040448978543281555
0.045322611927986145
0.041448693722486496
0.04029896855354309
0.044667795300483704
meanF1a: 0.6681296913541548
meanF1b: 0.6747213284683494
test metrics model m57:
0.018655121326446533
0.04042573273181915
0.040164437144994736
0.040777917951345444
0.046564869582653046
0.045366428792476654
0.04224102944135666
0.041004255414009094
0.04222722351551056
0.04464280605316162
0.04792075604200363
0.04305607080459595
0.04264391213655472
0.04442386329174042
0.04692360386252403
0.047210365533828735
0.04145677015185356
0.0448189377784729
0.04433777183294296
0.04277466982603073
0.04126617684960365
0.04776810482144356
0.044053852558135986
0.04087716341018677
0.04616812989115715
0.043355148285627365
0.047187790274620056
0.043588727712631226
0.041953690350055695
0.03824026882648468
0.0415174700319767
0.0427347831428051
0.04507307708263397
0.044093839824199677
0.043337009847164154
0.04196692258119583
0.045933112502098083
0.041946690529584885
0.049024324864149094
0.043501660227775574
0.041486021131277084
0.047775641083717346
meanF1a: 0.6692571790792324
meanF1b: 0.6320670396728277
test metrics model m58:
0.023664550855755806
0.053564537316560745
0.055485799908638
0.053779445588588715
0.06159653887152672
0.05814240500330925
0.05387775972485542
0.058093421161174774
0.05425167828798294
0.06080668792128563
0.06227508932352066
0.06106020137667656
0.0548362210392952
0.060003891587257385
0.058864593505859375
0.05783693492412567
0.05737428367137909
0.06307003647089005
0.062083397060632706
0.06109320744872093
0.058511581271886826
0.06447014212608337
0.057742759585380554
0.05188131332397461
0.06485280394554138
0.05918627977371216
0.05838031321763992
0.05968872457742691
0.0572955384850502
0.05297646299004555
0.05585252493619919
0.05875617638230324
0.057078082114458084
0.059032659977674484
0.05803123489022255
0.055816881358623505
0.06082265079021454
0.05680416151881218
0.06332454085350037
0.056688059121370316
0.0531841441988945
0.06201682984828949
meanF1a: 0.6959949917332902
meanF1b: 0.6754711360804411
test metrics model m59:
0.019229784607887268
0.04529077187180519
0.04742836952209473
0.04391392692923546
0.050540272146463394
0.04843231663107872
0.04345950111746788
0.047141168266534805
0.04596028849482536
0.05073967203497887
0.05055604875087738
0.04894433915615082
0.0455484576523304
0.045089241117239
0.051780398935079575
0.048411332070827484
0.04919624328613281
0.05108232796192169
0.050532951951026917
0.04987310618162155
0.0471891351044178
0.051527708768844604
0.048030197620391846
0.043242618441581726
0.05008777603507042
0.04874410107731819
0.04785095527768135
0.047936033457517624
0.047092583030462265
0.043860964477062225
0.047255534678697586
0.04697735980153084
0.04875728860497475
0.04715171456336975
0.048053234815597534
0.0438133105635643
0.04839005693793297
0.04552890360355377
0.05175135284662247
0.04657355323433876
0.04477722942829132
0.04981910437345505
meanF1a: 0.6918064078861786
meanF1b: 0.6805472674136608
test metrics model m60:
0.019371692091226578
0.043140675872564316
0.043798305094242096
0.04274451732635498
0.0472625307738781
0.046695176512002945
0.042312245815992355
0.04379214718937874
0.04291272908449173
0.04892157390713692
0.04905747249722481
0.047295115888118744
0.042436640709638596
0.044691454619169235
0.04948272183537483
0.04547039046883583
0.04399748146533966
0.04742301255464554
0.047536659985780716
0.04724680632352829
0.04388074949383736
0.04864754155278206
0.043926745653152466
0.040462348610162735
0.04894748702645302
0.04624895378947258
0.046764153987169266
0.045775432139635086
0.045079246163368225
0.04244508966803551
0.04661034047603607
0.047036062926054
0.04736954718828201
0.046741269528865814
0.04478221386671066
0.04339514300227165
0.04626258462667465
0.043761610984802246
0.048585858196020126
0.044727690517902374
0.04258829355239868
0.04767683520913124
meanF1a: 0.6820942855474745
meanF1b: 0.6522227597230839
test metrics model m61:
0.024982769042253494
0.10956703871488571
0.10509411245584488
0.11958518624305725
0.11938600242137909
0.11268223822116852
0.11897000670433044
0.11173398047685623
0.11048416048288345
0.1226745992898941
0.10874507576227188
0.11695513129234314
0.09653683751821518
0.11878038942813873
0.11190906912088394
0.09666027128696442
0.11172948777675629
0.1168927550315857
0.12145429849624634
0.11158797889947891
0.12288028746843338
0.11662457138299942
meanF1a: 0.6778917436063672
meanF1b: 0.4575471547436466
test metrics model m62:
0.030584922060370445
0.12047615647315979
0.11358986794948578
0.13078753650188446
0.130623459815979
0.12275765836238861
0.1288461685180664
0.12451817840337753
0.12028677016496658
0.13239258527755737
0.11842372268438339
0.12895627319812775
0.10640998184680939
0.1297491043806076
0.12225674092769623
0.10900954157114029
0.12214396148920059
0.12599584460258484
0.13323265314102173
0.12182381004095078
0.1327374428510666
0.12635870277881622
meanF1a: 0.6721283913722413
meanF1b: 0.42668142523632246
test metrics model m63:
0.02317572385072708
0.09147826582193375
0.08547364175319672
0.09719065576791763
0.09881968796253204
0.09152086824178696
0.09663670510053635
0.09127934277057648
0.09220448136329651
0.10133764892816544
0.08951163291931152
0.09705611318349838
0.08201992511749268
0.09577919542789459
0.09376925230026245
0.08073848485946655
0.09073411673307419
0.09466475248336792
0.09898317605257034
0.09117688238620758
0.10101324319839478
0.09454309195280075
meanF1a: 0.6783745695420034
meanF1b: 0.4831681178686523
test metrics model m64:
0.02754935622215271
0.12222188711166382
0.11788485199213028
0.13443273305892944
0.13711076974868774
0.12611381709575653
0.1336815059185028
0.12460843473672867
0.1259116530418396
0.1394156962633133
0.12323062866926193
0.1332765817642212
0.10884037613868713
0.1340194195508957
0.1269478052854538
0.10958143323659897
0.12534818053245544
0.1313687115907669
0.13776904344558716
0.12663748860359192
0.13961432874202728
0.12950824201107025
meanF1a: 0.674635286197087
meanF1b: 0.43102193728062044
test metrics model m65:
0.02807324007153511
0.11971737444400787
0.1132766604423523
0.1296357363462448
0.1333124339580536
0.12217150628566742
0.13117921352386475
0.12212460488080978
0.1206817775964737
0.13474062085151672
0.1191747635602951
0.12854190170764923
0.10618695616722107
0.13053062558174133
0.1213814988732338
0.10556866228580475
0.12226089835166931
0.126957967877388
0.13300840556621552
0.12280409783124924
0.13588201999664307
0.125486820936203
meanF1a: 0.6730504029795105
meanF1b: 0.4302165493045478
test metrics model m66:
0.021858178079128265
0.059565167874097824
0.059630200266838074
0.06759484857320786
0.06664104759693146
0.05742809176445007
0.06055627390742302
0.06514091044664383
0.06444576382637024
0.06588355451822281
0.06349857896566391
0.06615350395441055
0.060298096388578415
0.06629489362239838
0.06163167953491211
0.05806532874703407
0.057350579649209976
0.05998023971915245
0.06555794924497604
0.06048399582505226
0.06571977585554123
0.062118418514728546
meanF1a: 0.6807505439357097
meanF1b: 0.4648907683430763
test metrics model m67:
0.0334477424621582
0.18312065303325653
0.1995079666376114
0.1873476356267929
0.1764954775571823
0.19924312829971313
0.19074410200119019
0.17071199417114258
0.1959422528743744
0.1823606640100479
0.19286294281482697
0.18342186510562897
0.1973833292722702
0.19068782031536102
0.18463625013828278
0.16002756357192993
0.17625156044960022
0.16342276334762573
0.1750713437795639
0.17208373546600342
0.1417214572429657
0.20253783464431763
0.1818361133337021
0.16609162092208862
0.21876724064350128
0.1362006664276123
0.1958150416612625
0.18680673837661743
0.18282607197761536
0.19870111346244812
0.17786404490470886
0.16960212588310242
0.2058643251657486
0.19438280165195465
0.18268907070159912
0.20028400421142578
0.18797165155410767
0.20542798936367035
0.20810285210609436
0.18537694215774536
0.17722734808921814
0.19131702184677124
meanF1a: 0.6267240140204862
meanF1b: 0.480753438516303
test metrics model m68:
0.023706674575805664
0.12403012812137604
0.1364683359861374
0.12539876997470856
0.12269629538059235
0.13371549546718597
0.13329048454761505
0.11862920224666595
0.13325564563274384
0.12052641808986664
0.12675219774246216
0.12460401654243469
0.13237686455249786
0.1280643790960312
0.12570445239543915
0.11064603924751282
0.11973010003566742
0.11197055131196976
0.11799143254756927
0.12123469263315201
0.09996584057807922
0.13690733909606934
0.12147325277328491
0.11214646697044373
0.1480645090341568
0.09953069686889648
0.12834005057811737
0.12935380637645721
0.12489238381385803
0.1304692029953003
0.12614604830741882
0.1172415092587471
0.14036540687084198
0.12865155935287476
0.12326014041900635
0.13556408882141113
0.12655602395534515
0.1431669145822525
0.13866516947746277
0.12665484845638275
0.12179681658744812
0.12552841007709503
meanF1a: 0.6066756542127855
meanF1b: 0.5719188780902789
test metrics model m69:
0.022773144766688347
0.10634845495223999
0.11727432906627655
0.10913971066474915
0.10417881608009338
0.11150241643190384
0.11482775956392288
0.10510450601577759
0.11344940215349197
0.10028884559869766
0.10625758022069931
0.10834921896457672
0.11306588351726532
0.10832960158586502
0.10769122838973999
0.09401074051856995
0.10066625475883484
0.09690061211585999
0.10347156971693039
0.10416283458471298
0.08728807419538498
0.11819209158420563
0.10356591641902924
0.0970054641366005
0.1269627958536148
0.08490224927663803
0.10607435554265976
0.11108037084341049
0.10761214792728424
0.10886038839817047
0.1084989607334137
0.10272662341594696
0.12172620743513107
0.10804087668657303
0.10587337613105774
0.11341512203216553
0.10721758753061295
0.12595200538635254
0.1189069077372551
0.10821568965911865
0.10490404814481735
0.10335452109575272
meanF1a: 0.614470449420504
meanF1b: 0.6019614585105972
test metrics model m70:
0.03131410479545593
0.16686342656612396
0.18271119892597198
0.1706048548221588
0.1639745980501175
0.18204666674137115
0.17948879301548004
0.15870143473148346
0.18263526260852814
0.1644713580608368
0.1696189045906067
0.16758979856967926
0.17826758325099945
0.17478401958942413
0.16945825517177582
0.14544562995433807
0.1599813848733902
0.14934901893138885
0.16164901852607727
0.15722690522670746
0.13228024542331696
0.18705154955387115
0.16384120285511017
0.15016841888427734
0.20115652680397034
0.12947405874729156
0.17610085010528564
0.17364954948425293
0.16603289544582367
0.17616379261016846
0.16982632875442505
0.15687264502048492
0.189653217792511
0.1744680106639862
0.1676257699728012
0.18238334357738495
0.17189812660217285
0.19459515810012817
0.1884821653366089
0.17136307060718536
0.16295187175273895
0.1695185750722885
meanF1a: 0.6067837057261285
meanF1b: 0.5033515653946619
test metrics model m71:
0.0239840317517519
0.10296006500720978
0.11359583586454391
0.11138883233070374
0.10524928569793701
0.11500144749879837
0.11640214920043945
0.10319871455430984
0.11259468644857407
0.10012790560722351
0.10289088636636734
0.10564037412405014
0.11036455631256104
0.10921581834554672
0.10786332190036774
0.09600755572319031
0.10185575485229492
0.09464101493358612
0.09946814924478531
0.10251393914222717
0.086610808968544
0.11711389571428299
0.1009344607591629
0.09570057690143585
0.12284788489341736
0.08939539641141891
0.1072569340467453
0.1114739328622818
0.10637689381837845
0.10141156613826752
0.11387024819850922
0.10072038322687149
0.11842872202396393
0.11061672121286392
0.10320793837308884
0.11329024285078049
0.107498899102211
0.12439574301242828
0.11534794420003891
0.10454203188419342
0.10250873118638992
0.10442742705345154
meanF1a: 0.5975652863295686
meanF1b: 0.5903311440404272
test metrics model m72:
0.02381402626633644
0.08400055766105652
0.08959707617759705
0.08528149127960205
0.08729993551969528
0.09361594170331955
0.0960843563079834
0.08661510050296783
0.0866687148809433
0.08264113962650299
0.07883505523204803
0.08521119505167007
0.08810804039239883
0.0845802053809166
0.08739610761404037
0.07814259082078934
0.08119718730449677
0.07456911355257034
0.0784541666507721
0.08393250405788422
0.0769965723156929
0.09221284836530685
0.0848265141248703
0.07839970290660858
0.10055007040500641
0.07692629843950272
0.08128830790519714
0.09171850234270096
0.08381465077400208
0.07847235351800919
0.096261166036129
0.08234899491071701
0.09580878168344498
0.0821797251701355
0.08246780931949615
0.0908389538526535
0.08360960334539413
0.1029929518699646
0.08623094111680984
0.08238368481397629
0.08263888955116272
0.08070456981658936
meanF1a: 0.6557791811655066
meanF1b: 0.5937756891722752
