test metrics model m17:
0.02635846601129483
0.08338415043533631
0.0825206520165207
0.09039893808149735
0.1715374813261903
0.18212409848179634
0.06006968062694329
0.06001197270950809
0.07049353516208046
0.11439977139215507
0.12566041899219282
0.21585395047671768
0.2328359167001371
0.18765879263284319
0.184039760931005
0.1872974089157266
0.1915783050132729
0.14683303839651873
0.1501598867153916
0.1541058582817476
0.20157693726375692
0.12434769093420783
meanF1a: 0.8865678705236981
meanF1b: 0.2896988326202057
test metrics model m18:
0.023445170117918336
0.06895803824271596
0.0700784491885626
0.07544504356879628
0.15485839216623676
0.15463090586168782
0.04839649911075633
0.05038937592408288
0.06517272755707681
0.10574433779603043
0.11572451878722112
0.2229203856965447
0.2310277520472087
0.18853145091358664
0.19084603814319945
0.188758674421375
0.17609742568646702
0.11232571176728934
0.11440329651806963
0.13916715852092632
0.17587462238836155
0.12654029992329718
meanF1a: 0.9006138546231393
meanF1b: 0.35638348308428913
test metrics model m19:
0.024607377183898223
0.061260540874610026
0.06641372858715477
0.07539114477735365
0.14951082222598916
0.15411328970864924
0.04863866260484384
0.054422934991433136
0.06736505911984059
0.1077871228135967
0.09968234950401367
0.2052090966871742
0.18816990658457444
0.1731965000910628
0.18245929051680287
0.19473571447465055
0.1838800552910559
0.11302413363202302
0.110886511753437
0.12118242019215014
0.15442740805402377
0.13199739497119944
meanF1a: 0.9038945439924758
meanF1b: 0.36428714729679423
test metrics model m20:
0.02118741595281434
0.06268677183543742
0.06798806892176723
0.06654288991333868
0.16178113098061864
0.16429834713867908
0.04541417147045301
0.05215787956315021
0.06821106686367484
0.08832559151243591
0.09402478050795993
0.18686684675774795
0.18382005487496
0.14855912287815942
0.14539002404159018
0.16235658269728437
0.16333717276178805
0.10015584463556204
0.09948825601258793
0.11661341922562263
0.13903342959051196
0.11466735685089535
meanF1a: 0.9079785153469675
meanF1b: 0.3867106534474856
test metrics model m21:
0.023642168594237463
0.07217572576131759
0.07602319710770461
0.06543161111568624
0.17465080115433756
0.1758552694925825
0.04394785004389723
0.05413744187713376
0.06352414515490346
0.10359943563587448
0.09798731069630973
0.18693726525316667
0.19415232665130372
0.16741312014137888
0.1682998352247177
0.17709245943225255
0.1747844513531065
0.11403469172500386
0.11425308000556675
0.1280728657641782
0.14735442559579898
0.13155127140641654
meanF1a: 0.9042949248556991
meanF1b: 0.36751823689061147
test metrics model m21:
0.01953650207678849
0.05781045644576921
0.05780848869997057
0.05571122264335632
0.13192218119591947
0.11998943443547117
0.042157087072560384
0.04212674300303054
0.06262302720077428
0.09097862410793645
0.10965038995808951
0.21837290892805106
0.22826863529027663
0.18986837997474282
0.1838979995502391
0.18090993680722733
0.17857638277366822
0.12946656532743606
0.12003991252179114
0.12049893558525426
0.18668746499836397
0.10517693422862806
meanF1a: 0.909937972453889
meanF1b: 0.41892415589241433
test metrics model m22:
0.020773496207338926
0.0661434396200497
0.06113120577938719
0.06357153665542414
0.18014085087414805
0.17144231477975397
0.03992294295039511
0.04340956753746372
0.05911914417538289
0.10566514897594792
0.11555124979085318
0.23483269815233832
0.2337381918409882
0.20051427196399585
0.20027373460964537
0.16488394105187654
0.17101856844501018
0.1043555748140853
0.10627774942643159
0.1263592176273035
0.16023185634217485
0.10006952572232485
meanF1a: 0.9084019752902343
meanF1b: 0.4113009697124125
test metrics model m23:
0.019220403263591923
0.04733419902014313
0.051410415495313666
0.045783357704938354
0.1021519987859919
0.09488366778842783
0.035635390365486574
0.03392289717649255
0.04664929686956043
0.11640440733882251
0.09545518765723382
0.22511696868407316
0.22488039311732644
0.20684458514987503
0.2098489841913831
0.20671392837264008
0.19959666503281653
0.09277138658926931
0.09151179954613953
0.09150168231360811
0.12941881619901985
0.08366055480901624
meanF1a: 0.9150931728905652
meanF1b: 0.4346006263602867
test metrics model m24:
0.022801186619402093
0.06723201576534854
0.06457285617705377
0.06165600995405318
0.13822039385970564
0.13547866220560412
0.04051515508370884
0.04568838576461387
0.052793610406298985
0.11455145009452095
0.09678222398824088
0.20171875561006514
0.20343691246543028
0.19065915143918566
0.19723641550172555
0.19049175726039896
0.17945364172614636
0.11295264651272452
0.1067460733220238
0.13671355612280994
0.16418675982266118
0.09262351053939304
meanF1a: 0.9083698796324612
meanF1b: 0.41114488699924345
test metrics model m25:
0.015714254733442568
0.07440204027549047
0.060486621333356694
0.061475347680338854
0.0638421433210174
0.05844971306440261
0.06042617491270008
0.12778909570817254
0.13751207493042694
0.12594513764728354
0.12982360203166243
0.032392279535787605
0.03567355684312329
0.03838772991908124
0.04559013606240392
0.05503923462653115
0.05926748710044816
0.09217888514057326
0.09134345561553991
0.05034562246220903
0.04700351588279472
0.05541256039260975
0.05900142882464332
0.06088230755492097
0.061405294580477915
0.05340283856426353
0.052947024893467476
0.0540810135166061
0.051802042272354715
0.06123788628798668
0.06460593298026862
0.06986192312948794
0.06325729881741743
0.08317683754213478
0.08856382138003327
0.08243118461042587
0.08772136216685816
0.156274695912046
0.15887582230866953
0.2593725984693829
0.26904094363325604
0.05918594861937676
meanF1a: 0.9356743234300129
meanF1b: 0.5758399166796022
test metrics model m26:
0.016271523455126138
0.06452142649880965
0.07192501943108398
0.06258269255282334
0.06998272377137027
0.06533025918056867
0.059756115327816106
0.145287009072412
0.14838065067240314
0.13946149515395856
0.13561434742297507
0.02993886826083697
0.034800398014655676
0.04412191942567911
0.04841128775345016
0.06658970634877581
0.05831025586330851
0.09650822000795123
0.0972551280953955
0.04599964313773086
0.04661538372024454
0.057855962622807275
0.05952190138356439
0.05369005292452622
0.06279900758894941
0.05464124294983219
0.054852228548981086
0.050508739814021264
0.05042063639227773
0.06800663265116487
0.06953192893269498
0.06824553470289907
0.06208235736950313
0.08537806811056159
0.08218676888600301
0.08540921206923735
0.08272177389064467
0.15511534483689354
0.1451317558799745
0.23885489159835016
0.2404928165813735
0.05948954641191728
meanF1a: 0.9351616266389199
meanF1b: 0.5713124312285558
test metrics model m27:
0.01556681367409594
0.05793658304282423
0.05641825917846305
0.06001892169515133
0.053802847014589816
0.06084283955213454
0.05263284934499479
0.14064701459876647
0.13671311863891517
0.13012514835944705
0.14059435917218022
0.03882967518542968
0.03537142345882455
0.038356344793094244
0.04432723284890294
0.05615859403092838
0.05475983495475911
0.09434715046276543
0.08594981410439512
0.04744506692807737
0.04151106082996847
0.05880880610335604
0.055606043058574306
0.055856175716252676
0.06832300837705657
0.051799500610062554
0.05288312950418128
0.05537250897302651
0.05085031026833198
0.07301312092196385
0.08395515985120738
0.07919113833723396
0.07031881535511875
0.08811319875141566
0.09552293272432233
0.09162225505387989
0.09382928853557154
0.18039984303686857
0.18920838205565327
0.298635473546618
0.30254571410406605
0.060224972912951924
meanF1a: 0.934811939778851
meanF1b: 0.5938905762838275
test metrics model m28:
0.014314846271607028
0.05896156079944792
0.05008998080673038
0.0554672352535992
0.051737716983948856
0.05015749747038584
0.053171941479732254
0.13213955238036265
0.13025324467876206
0.12521017781650812
0.13594750842232994
0.030415948677251392
0.028645452603966726
0.03836027286112664
0.033516082774897815
0.055269045474444
0.05531113995970105
0.08175973319671748
0.0859529352471492
0.05356711959760252
0.04864014523553928
0.055959406663998235
0.06472493154099312
0.06893370472562321
0.06393758918712661
0.05381228494170931
0.05407457918830949
0.05154140936015694
0.06021185492913217
0.0626490670582997
0.06650964236690693
0.06666553692720079
0.06462579235105559
0.0854863022185644
0.07945763652388649
0.08556564004156458
0.08992589066964063
0.1514494803692727
0.1497185864361802
0.2668417699001946
0.2734539592261302
0.059596858874267356
meanF1a: 0.9379872880590934
meanF1b: 0.596488125966596
test metrics model m29:
0.024447098435318136
0.05718205967242951
0.0614880075805202
0.057240688415428065
0.0552474304137478
0.05447293498957173
0.052112396699743546
0.13232133819116865
0.1381676123256239
0.1262465542661576
0.12965498575842876
0.04041600447874999
0.04162842851542403
0.044796890952493396
0.042733033278605004
0.06515222716021268
0.06411976715418688
0.09310237130993876
0.099578316183355
0.0530482107923792
0.0539294426420992
0.06660891029984684
0.07050980598097598
0.0725101604716385
0.06830121180454607
0.05672421387594195
0.06390087847477938
0.06462101490335037
0.06749937180391996
0.0759753746690832
0.07535960897123861
0.0828365595529098
0.08113558859205316
0.10301552843190376
0.10690689348473459
0.10639583263136865
0.09844550043968603
0.17952295306623528
0.17447839887157218
0.2718871947091063
0.2821014739805684
0.07114294414632738
meanF1a: 0.9349347183544028
meanF1b: 0.5502405600038617
test metrics model m30:
0.025864022046069267
0.06584668736657684
0.06778522440303208
0.06300636841517315
0.07203421767196772
0.06810307896981338
0.06949936410671209
0.15287749733768446
0.15970711168700513
0.16368314623306102
0.16361913208774292
0.0427745864904302
0.0444142498453618
0.057942910436314055
0.056262734947631565
0.0676781369875844
0.06863339627990195
0.10125658416049882
0.10440944583499712
0.06221270014978275
0.07172341940259308
0.07004527825516926
0.07132357778004339
0.07219689477379687
0.07984698202284013
0.0829329269280894
0.06905166468120805
0.07310507427867508
0.06621253815966091
0.07757139238588251
0.07883775815413174
0.08199003782980532
0.09081285277476808
0.11173304724594857
0.11829346488090214
0.13226189696724677
0.1144765425713355
0.17552780547202884
0.1723687233784884
0.3164385303117867
0.2934414967255471
0.08637467225062789
meanF1a: 0.9289866226089842
meanF1b: 0.5325126514655331
test metrics model m31:
0.017505960663162533
0.05048532313560261
0.054109305112566064
0.047993991812450454
0.054178462109629066
0.058862837243925936
0.057357945939606414
0.1223786473231708
0.11638769645926117
0.12273419125222085
0.11549473997439719
0.03915583242658882
0.036960651928751975
0.038995534273564836
0.04396567795609896
0.05565523753256019
0.05864609556582223
0.08406773342480156
0.0821896244049557
0.050368888272651735
0.05060984745278857
0.06475115223472261
0.06164458094205029
0.06434113687260579
0.06871252029470865
0.06064859257741073
0.06357501014872696
0.05338369664739118
0.052041687908102485
0.08590502680098944
0.08967962104842941
0.08976353138000193
0.08187766080098036
0.0850286624594786
0.09101377528924509
0.0888402536026533
0.08266885522854633
0.14854629071691117
0.15936697848938275
0.2393969237677237
0.23202671451220147
0.06597902854471438
meanF1a: 0.9377268667019207
meanF1b: 0.5783142919495373
test metrics model m32:
0.023308165425171473
0.0739505328109068
0.07423377020229183
0.07497971755294841
0.08048042469662975
0.07852684085313555
0.07433953382369407
0.14907183251734296
0.15588195100292768
0.15420847106662994
0.14944681043371294
0.04631400531118968
0.04159650910665602
0.05681773577386606
0.06668199739224123
0.06556639884789361
0.07297225638933291
0.10205883277233307
0.10956900340717568
0.050461023557924145
0.050703286824507976
0.06394137879642303
0.060732900822102254
0.06536729091791749
0.07503192407558201
0.06802334910963304
0.06664155963054208
0.07601588526114655
0.05817325429829734
0.09474385874264502
0.0883251932071496
0.09859807137277976
0.0971045051672732
0.08466279733205173
0.0812732455099342
0.08565937448818706
0.08697641727231703
0.1363546907989288
0.14344823806987717
0.2476262801581184
0.24937482931003788
0.07416685821131697
meanF1a: 0.9300790066006158
meanF1b: 0.5380614292705638
test metrics model m33:
0.017829770520540678
0.09411792589794299
0.08581876659654875
0.08636116227196866
0.05691037948058075
0.05933443252594939
0.05648790365560735
0.08670081478149277
0.06681669642834576
0.11345426609308495
0.10228550208093401
0.13699348855341448
0.12242765214559115
0.14646590590111874
0.13928645734937078
0.10618553399081221
0.09473153036806736
0.1273892031071232
0.13078729055169402
0.08274141236090204
0.1053005876592007
0.12564604926803047
meanF1a: 0.9364125175012352
meanF1b: 0.5736176051267832
test metrics model m34:
0.014895513768073096
0.07999760315617538
0.07850229508613105
0.07928967873807127
0.058491898062687786
0.05713183236856656
0.044396869379243475
0.07133087445404551
0.05573787557906362
0.10044417759101987
0.09622077965564113
0.10593957769178541
0.09873975115752343
0.12080224991810296
0.11613396121048286
0.10140777357228792
0.09859190877717472
0.1145173177597022
0.11388043306115447
0.07804772312423025
0.10238685311791484
0.10503411083557834
meanF1a: 0.9418488047179003
meanF1b: 0.6005323545041461
test metrics model m35:
0.017808875653514203
0.08609432489818292
0.08217898906385862
0.0781330233644314
0.05116150259261043
0.06068103976002748
0.0574775316534763
0.07045094637874666
0.05214326566255001
0.09868302710305193
0.10300954244863147
0.10430240402141361
0.10773026327926705
0.11679210710268795
0.11949359172925583
0.09494938487806237
0.09292521257402153
0.09205506895751714
0.09508444321054046
0.07523295639247046
0.10304262598118814
0.09683573313161825
meanF1a: 0.9425265285684578
meanF1b: 0.6020656709806953
test metrics model m36:
0.01551616573960522
0.07801525744237628
0.0807772214659001
0.0806341192494478
0.06029215608808958
0.06197428173771913
0.04810578322053094
0.0573756233650356
0.054154322047691994
0.08767007629679185
0.10608022122358785
0.08485744523003103
0.0843523389944591
0.0976304821342513
0.09527646827461234
0.09884447831067905
0.1017436254641399
0.11476143310521843
0.09418164641337112
0.06758424694319998
0.0945521006017269
0.08938672920945345
meanF1a: 0.9444218390774293
meanF1b: 0.6127213741580918
test metrics model m37:
0.01622995373876999
0.08402327251912822
0.08284150888346742
0.08356740892174352
0.05756150521543968
0.05867499662180142
0.04710959146370647
0.06918359451108574
0.047492569326646805
0.10448585094921603
0.1171000042188618
0.1077064190229331
0.11911715091489411
0.12648852093744412
0.1356035959753596
0.11055266613675374
0.10952595955905264
0.1047941438959194
0.11021125011168328
0.07480677798621571
0.10705486555108655
0.09545227738520778
meanF1a: 0.939294506544319
meanF1b: 0.5940885821533805
test metrics model m38:
0.019707376247473284
0.10361076128456193
0.1016322286945544
0.10328359418325017
0.0589889955271391
0.05989913638741451
0.05686779047012325
0.08257656899610255
0.05198379995864605
0.12511485004257278
0.12402693986318952
0.12495288306729646
0.11834005994112695
0.14102265142416348
0.1490415480914984
0.12051143990519009
0.11815693620360651
0.12325833891601323
0.12140206239465057
0.09148755724211965
0.1183468039806846
0.09594397990008818
meanF1a: 0.9330824767209827
meanF1b: 0.5585197722726735
test metrics model m39:
0.022220436452511115
0.09839682762958268
0.0950836218092298
0.09881788633809502
0.07164816893843162
0.06662297303882447
0.05888853762122376
0.08039464585779116
0.06033464607021677
0.12512714173856737
0.12527441752435442
0.0972708127231553
0.10403162698990487
0.11100246384051171
0.11540355290568827
0.10949248035320414
0.11229381971609687
0.12537591730963604
0.10939797787546612
0.08402837269538677
0.11724909247872417
0.10780535166125982
meanF1a: 0.9359170049392924
meanF1b: 0.5595348979493073
test metrics model m40:
0.021848142330680678
0.1024963349962722
0.10134168818075912
0.10046329469338589
0.07398074405173172
0.07064769431930296
0.0540781736888144
0.07594332228614792
0.057887579534133815
0.10717313689999486
0.119514126357671
0.11172666240061296
0.12062510589382469
0.14343664884202145
0.1448636341586817
0.126897600755715
0.1146800264602979
0.10602673836609666
0.11090313345865921
0.0802310203813914
0.10822936000344341
0.09596246231618982
meanF1a: 0.9344444690253116
meanF1b: 0.5675010070583439
test metrics model m41:
0.01900995758104818
0.080470682745511
0.08822816596525379
0.10132733946307576
0.08894683799733165
0.09532196447105357
0.09735179535314775
0.06160603001858356
0.056762040922236245
0.06101456306555192
0.06856415158468177
0.05295995331474562
0.06162816020235884
0.07856972097927806
0.07020647306823485
0.0605337632144789
0.05702206787664987
0.09232609720103557
0.09374526289484031
0.10366716916562169
0.10040284515309539
0.09554735972635431
0.10223940344434979
0.09945795055008944
0.09907887736972554
0.08259350903081564
0.07254145402690237
0.07881851597984668
0.08164966341792923
0.15546093411968376
0.15460134429650707
0.1474381583736537
0.15212937753699385
0.14045622880069564
0.14301068261615424
0.14042027717224304
0.1466270516277215
0.14104622151087798
0.12827551688220729
0.15758429956628817
0.15093288994055098
0.09838080346740101
meanF1a: 0.9490484018469324
meanF1b: 0.6281607587611473
test metrics model m42:
0.01379827792969106
0.07770984767059153
0.07463888904048188
0.07522762135642674
0.07615544076547492
0.07657144795035853
0.07308419053845255
0.0691926911924372
0.061582738313887664
0.05607090034473927
0.05499817903313259
0.04648199479867149
0.04407232473223405
0.06080005418581469
0.061275603976440995
0.04454586982635067
0.04515164683362882
0.0773329951945218
0.08056104329607017
0.07309358108070718
0.06020936773746899
0.08238382064375704
0.07446560593229534
0.07375860205918208
0.08602672575151915
0.06424300509827585
0.05246530614532402
0.05102698977228304
0.05498372391425088
0.12093952955857024
0.12735969705300731
0.12378402868482619
0.11761952254587804
0.0952793590385273
0.10517630137410511
0.10789707824091122
0.10664174211973337
0.1007635733767922
0.09736292285507875
0.11587410657809527
0.12123427265454612
0.05882087119112511
meanF1a: 0.9584374329174343
meanF1b: 0.6878887137073911
test metrics model m43:
0.012608162990842229
0.0692963926683382
0.07420155615430013
0.07825791110188818
0.06470401799390588
0.06433309979488325
0.06853855839294021
0.05164222274761299
0.055784846796293475
0.056281537037872476
0.05390230324883116
0.048320475556088205
0.04315850163577084
0.06268737005893243
0.056219940520895795
0.039652242618578026
0.036690837829316814
0.06777644850969686
0.08186808684496
0.06648323346425525
0.06218482278554291
0.08299100747979282
0.08199357609804414
0.07662370915986116
0.08134316301373712
0.0521884425296113
0.051091553903975545
0.05285850893059463
0.05973768135314472
0.13511607708588347
0.1280589787455122
0.12737237088192477
0.1191806277971903
0.08056655788597833
0.08515109058037085
0.08322875492770543
0.08510119037880515
0.07976588966112086
0.0800846537914075
0.10664660005852156
0.09855929247205442
0.0535273426299997
meanF1a: 0.9612111452706236
meanF1b: 0.7149762275044136
test metrics model m44:
0.014358203815679264
0.0791675473086666
0.07698112832569864
0.07321997967038174
0.07475190039262641
0.08085836317299283
0.06900685976605075
0.05568681512813667
0.057658156506905534
0.05009100227540331
0.054203962966824726
0.04226597645378899
0.038854430807137574
0.06175837200045342
0.05848132286741675
0.04416279948699686
0.048178114694188146
0.07134366407201054
0.0817339795380681
0.07613934332704925
0.08537191170300387
0.08318807613523305
0.08384161810930513
0.08690086122132357
0.08852784729031793
0.06283112812575986
0.058418373955681946
0.07324431031506651
0.06150080091380172
0.1312246475682055
0.12569303197579784
0.13451975875194222
0.12538931022973043
0.09627173537272049
0.09490594169107403
0.10183428949216544
0.09069542846114065
0.09873884926004095
0.09394462861700958
0.10971016128596811
0.11588967191453614
0.07346897511217698
meanF1a: 0.958807103282315
meanF1b: 0.6943396987871215
test metrics model m45:
0.018458358534385648
0.07570695366325414
0.07520925030363113
0.06857398745224674
0.07935970012506055
0.07196970904678451
0.07569176626621066
0.06915173958893484
0.0649970452228339
0.07003248498489567
0.0676729623972927
0.057275835095862315
0.05543630851813963
0.05934623300255537
0.06532807659794554
0.05078686434989249
0.050816034632651386
0.06842785060439349
0.07966741164540103
0.08689744147210343
0.0894167983820554
0.08818890583188832
0.09608188601118328
0.09890722489177839
0.094067830801289
0.08037504971777676
0.08100678078681323
0.07894744776683887
0.06890132660045428
0.14191634993408075
0.14740378108385532
0.15680538289059176
0.14135851670550093
0.12088907707747926
0.11774927457169407
0.12685653513275086
0.1303043628002365
0.12494942231186312
0.13442652405151334
0.15030242481780864
0.15110390497240866
0.07353896146780337
meanF1a: 0.9525526934564864
meanF1b: 0.6488768768351832
test metrics model m46:
0.019525453209581812
0.12939115316082128
0.12768803702995746
0.12228546483592928
0.12635836353044383
0.11413366734413255
0.10546607962173049
0.06419291371684122
0.0633531477013779
0.05883319178680302
0.05775002127843787
0.05410879246499667
0.05979443548035407
0.08803430312999239
0.09045684365770179
0.06444483142838564
0.06494095035295211
0.10730679747409289
0.12040034628401564
0.0711597765840356
0.07719376471620387
0.08272725483578632
0.08010229797941448
0.08928695093409811
0.08632574303985896
0.06559747606632721
0.06151430945613945
0.06647140535590323
0.0758176308045756
0.13321141066208586
0.13905102891641064
0.12170270339714406
0.1271262527537108
0.14203166046625082
0.1346282738678146
0.1385646149277855
0.14090124341237054
0.13828839522677538
0.13016388759005756
0.15107712509018423
0.15083756784375377
0.08620491541315867
meanF1a: 0.9461270639877302
meanF1b: 0.6195500052425522
test metrics model m47:
0.01546220688177267
0.07000705010786168
0.07007420273550413
0.0737650659936121
0.06755867061412202
0.07369584562162701
0.06866800292337494
0.06223551784496406
0.059083231891736365
0.056879442242460776
0.05550389506647735
0.04529344239761479
0.04603793008654056
0.06464297647688488
0.06412472496616495
0.05199679104499255
0.04607593136475263
0.07586368242061481
0.07267520507848546
0.06850281048848506
0.0695845739881027
0.07629281631386875
0.07999648381575852
0.08529376975327388
0.0783897018257379
0.060750717661441245
0.06177902147483161
0.056606988592892316
0.05935221503660004
0.13755487094165653
0.145958253571562
0.13991461865414156
0.12976562990776896
0.10357528035976982
0.10064220730933277
0.09574284082046691
0.10042687346777401
0.09478933926674293
0.09885001505878199
0.122664246018092
0.1284894339065047
0.06082800719150361
meanF1a: 0.9585172669060535
meanF1b: 0.6830422057394275
test metrics model m48:
0.013355138317669674
0.06787254236634954
0.06956877710555054
0.06742576614921114
0.08119008203141043
0.07928858527290528
0.07070892540115925
0.06304333959560493
0.06054951661948299
0.05974239132978837
0.05881556072513883
0.04471686022604365
0.03876145874557957
0.05769176071243476
0.059185470935491424
0.04613941397399446
0.04722499552753012
0.06870352792848344
0.07524772101760757
0.06200982142929276
0.0557571991817393
0.08214985541184877
0.08076679329927705
0.06920571616917506
0.07905004900670887
0.05054092103569846
0.05143837045183164
0.05170461407461757
0.04744268761976855
0.13471481861725554
0.1342557160349409
0.13682435624111666
0.11813620498692878
0.11897516283416809
0.11595525872473433
0.12472393783177405
0.11753081928275377
0.12123623233408876
0.11295113596495077
0.13108022490096904
0.12854323794775124
0.06423600540981711
meanF1a: 0.9571350438135777
meanF1b: 0.683414088659988
test metrics model m49:
0.015122486021509333
0.034232611325811235
0.03968054694430878
0.03367875944469434
0.08034742730121563
0.08561737942892733
0.10069871953010023
0.04398735012915528
0.06181572118552725
0.03362247038381044
0.055498860176351195
0.054458519350793044
0.05492306166703792
0.06873649010541522
0.07214942536732488
0.17833916926904353
0.17868749592277544
0.11751782665389454
0.12054216431285181
0.03850383340133334
0.10448136592976365
0.08601113543737404
meanF1a: 0.8944199889867088
meanF1b: 0.3255548625778589
test metrics model m50:
0.015779969904993012
0.038410237265027125
0.03585770154320789
0.03409603139054046
0.0934729661272044
0.08110379606311974
0.11109383088342767
0.04663071498358318
0.06814357814863281
0.03576950365674181
0.060708196263125624
0.05768707666955797
0.055560612372868246
0.06897473942980026
0.06638340241825746
0.17873782729158572
0.17066652889648004
0.11647099027770436
0.10899454534793013
0.03867309832888327
0.08214093389580418
0.09990391980070232
meanF1a: 0.8941161241898838
meanF1b: 0.3184769249548252
test metrics model m51:
0.016410727959340822
0.04747799432209732
0.04540274868091532
0.03691965206352854
0.08024604067428348
0.08211668220290202
0.10262415576733475
0.042343653862916886
0.06673149942986378
0.03590503182228255
0.05434320583850594
0.061482402425630966
0.05635655297623643
0.07366236825476558
0.07052048958214485
0.17793621447477437
0.17741489283936218
0.10614856300111719
0.11023287949212546
0.04154503812150406
0.08474649958715219
0.09846062353881965
meanF1a: 0.8906490745713933
meanF1b: 0.31616332790234203
test metrics model m52:
0.015348155653284444
0.03869674136294127
0.036836546619538446
0.03895024663504071
0.07886532150879066
0.0823569736009458
0.11506999997074308
0.042185749305676756
0.05728795620244198
0.03254012523818234
0.05415756843487246
0.0484437905376745
0.05607257621174605
0.07423847648301363
0.0688953248392371
0.20146529571184707
0.1824460492937402
0.09535865215560343
0.0983346070965061
0.03727629809842581
0.08315021299580905
0.0830826618220939
meanF1a: 0.8948225206761421
meanF1b: 0.3342108553121618
test metrics model m53:
0.022724248722833573
0.04592124432999911
0.04231277021900259
0.050495122231163814
0.08847924943008023
0.0925608024998944
0.14248087812590982
0.054806289130849395
0.08050358429223625
0.049745523282891724
0.07817967249317759
0.07405114561766873
0.07943431846216104
0.10572648810163232
0.10670527038843342
0.22892620863248314
0.22899981938297426
0.1373290605888841
0.1349805792910656
0.05474072281497533
0.11014618000237275
0.11628825379296492
meanF1a: 0.8806371572319774
meanF1b: 0.271474863003497
test metrics model m54:
0.015700151833936887
0.037945162864239323
0.03850696937998632
0.03859018087131483
0.0947573616049815
0.09633540850090849
0.13058628334586914
0.0444043579817881
0.05535235820248746
0.0374988251417937
0.053963053808328554
0.05612023942412636
0.05455816474587283
0.07732048365273714
0.0701582156196377
0.19072006356363647
0.18513993335871803
0.12614069008629986
0.12498103402313032
0.04054398780508317
0.10035411978386488
0.0917067942058033
meanF1a: 0.8896156300472203
meanF1b: 0.3153539122530514
test metrics model m55:
0.01465538962795043
0.03160478148298007
0.03292987938702502
0.03264006362690375
0.07971315969584158
0.09608818971517774
0.0954183927013284
0.044051543498975165
0.061197296074229635
0.02830699703593692
0.05297877449841981
0.047662982806064735
0.05195717885617046
0.07143226047049434
0.06908844001209902
0.168420748869272
0.1713829136789805
0.09000303650250818
0.08911966847087183
0.03791160225047907
0.07512405760416363
0.08544640428279648
meanF1a: 0.8993463229911404
meanF1b: 0.35455041015814337
test metrics model m56:
0.015010399885098032
0.03594144695528578
0.04203948830788373
0.036868056904497126
0.08542448042815665
0.08754643819336849
0.11237665919798673
0.039556032400396735
0.056895515220541204
0.03761502818957774
0.05550301036261307
0.06267554370942052
0.060113022097454394
0.0750736018084932
0.07457473566681305
0.18549412431224455
0.18051524117648732
0.11000011009783724
0.10968942276227156
0.04100772203701053
0.0849904794099533
0.0774529725559685
meanF1a: 0.89109193348112
meanF1b: 0.3215207554251538
test metrics model m57:
0.01398024821518079
0.045661269102964974
0.04039566681603168
0.04251800483737833
0.04769382295564695
0.048659992617198444
0.04423167202500988
0.08588354129984677
0.09139651093716117
0.08594415544000306
0.08945096237881056
0.12015860617745944
0.12164006841341768
0.060530855327056377
0.06273450521139862
0.11557086591075122
0.10178082091832336
0.04428950949111421
0.03756260907776804
0.05593628087904001
0.06462281586602114
0.06327279906369632
0.06631726861893661
0.07393254279018951
0.07344941227037638
0.04880938530497625
0.04955597356971775
0.047066805557902214
0.04900927303863478
0.10684712172202149
0.11328427996800117
0.09992398623480048
0.11168461766758275
0.08844355334208615
0.09249005992991527
0.09232214235277147
0.09526328195008543
0.045106419248846175
0.04788106752657273
0.1068740192253313
0.11489375254003448
0.08701995331179821
meanF1a: 0.9051376731111045
meanF1b: 0.39657369921426744
test metrics model m58:
0.01377678888070681
0.03631755714078211
0.039520197969092175
0.0375303763387167
0.03699971441881955
0.042878681107076155
0.03986531507554336
0.08686986964364796
0.08648650245186512
0.08693601832314457
0.08231412652719061
0.10434674940939243
0.10760154876076772
0.06338507403699511
0.06510641918459831
0.10429149670398374
0.11376658607968337
0.03768845120112463
0.03497843963734598
0.06653645392241553
0.05671778408434103
0.06430116295939647
0.07287186916575994
0.06124067749217027
0.07144621936876505
0.04910816062582474
0.04330183558910522
0.05507343834305689
0.04504461948482413
0.1146850576041899
0.09908166122005313
0.11293690042286253
0.11906675217726337
0.09064020860058775
0.09323732466359869
0.09177317242809735
0.09334259130168676
0.05132592033698258
0.0579703457477031
0.09902849606903874
0.1089030947131907
0.0877628151924097
meanF1a: 0.9082068807133105
meanF1b: 0.40683574035465037
test metrics model m59:
0.013587399495265828
0.030433578645351456
0.0332430704164004
0.030781096666747332
0.03147691390414603
0.036867347870986
0.03195800577266178
0.09044229675105836
0.09993967728678743
0.08784637857948174
0.10042240504014532
0.11706710997138337
0.11886551588500327
0.07150089632473472
0.05588716970015506
0.10600663255296588
0.11625247245724296
0.034840201112142255
0.03343304557936533
0.049549771708794155
0.05178916487173235
0.06629283280535947
0.06312680071750243
0.06900281940459363
0.0760343958657197
0.046631167080816716
0.04317227031372717
0.04626585558230223
0.04134959203445698
0.12024457831904756
0.10605480443918403
0.09508893905804006
0.10212339381689073
0.08685609301086583
0.08992167363313275
0.0871815039489256
0.09154207679302406
0.04088590402732778
0.046879123563787095
0.10374195908465111
0.10572273519216513
0.0665897313591724
meanF1a: 0.9111473377312216
meanF1b: 0.42901184561360345
test metrics model m60:
0.016113532510626458
0.05101151830948414
0.042369072435085364
0.03802697049842363
0.038778705188824425
0.0428322461803744
0.042118809881589336
0.08561849298042662
0.08666048707088342
0.08418310424816122
0.09244624024120274
0.12630388892910815
0.1194677471213818
0.0734124172826815
0.06599395076105952
0.09972112165916036
0.10014783388073539
0.0389607589911789
0.040141620050077376
0.062799367192505
0.07075245251575402
0.0707010983022417
0.07089938697748654
0.07664318812478255
0.06726804888073268
0.051674829435981895
0.061496327566177844
0.059530009728406164
0.052020534062033774
0.14680744786784516
0.1220416787082268
0.1108765249667022
0.1225546520767461
0.10780131740567767
0.09950517029424444
0.11068618114911538
0.09683763230578518
0.054650065255574254
0.05638188196443894
0.11775051974132889
0.1087305713255361
0.09184263391799563
meanF1a: 0.9044015102507437
meanF1b: 0.3861808899594044
test metrics model m61:
0.014413282324809
0.04717214145416959
0.04209202644772303
0.04187580101771815
0.04567632859295512
0.04977901021821163
0.04370258975765173
0.09858871833455907
0.09271727833257892
0.0955094252837827
0.09773552922939555
0.12987865751867728
0.1346864685039863
0.07538353806952391
0.08209096630759771
0.1225282184183153
0.12398698194551172
0.03831929381015886
0.03802591249543841
0.06304121211789993
0.05661941743560195
0.06611492734052127
0.06577526026907887
0.06492880922854649
0.07057533590395182
0.045751770886818144
0.042690201063322
0.04500686512235541
0.046870485948840246
0.10281754958360745
0.11381601337964886
0.10592012960196544
0.10220466143547217
0.0887194666185076
0.09539036364217535
0.09438410543413134
0.09485502215892982
0.052329298806599645
0.05081266237520554
0.1134230059864898
0.10538810083849076
0.08367543881374295
meanF1a: 0.9031560820905871
meanF1b: 0.389807530593076
test metrics model m62:
0.013879150955425999
0.036268023633390434
0.030602087335383166
0.037625299813930035
0.03467357678334104
0.037537332091996334
0.031288004513372936
0.08604126084715813
0.09133506136004488
0.08752933806989038
0.1135473917268025
0.11210921994607581
0.1100235555000586
0.07367654448289485
0.07113235496276749
0.11532765538571182
0.12093209307753067
0.03881475803505485
0.03180418650672778
0.047757100375247274
0.056160450998397726
0.06435838957832374
0.06613040502772893
0.06168869529801724
0.06870407600733519
0.043448180903273625
0.041853026317526965
0.04246179905167058
0.04034429322473504
0.10289700362376386
0.09917118322336371
0.09848165434125844
0.10485804996744097
0.08471728870999512
0.09118972784813123
0.09275900670252712
0.08622883259922182
0.039163070904478736
0.04596728159212449
0.1055517412067144
0.1020940051036886
0.07280140413158687
meanF1a: 0.9102528805924555
meanF1b: 0.41333758777296203
test metrics model m63:
0.013894659261443577
0.03046369528767906
0.040447522954737414
0.04569606231257706
0.03557756660958705
0.03725380937440059
0.03598870408413768
0.08038341702980406
0.08982912020747225
0.08102198586388554
0.09511280564998881
0.09843106498044751
0.0950630939345285
0.06992586618085173
0.06243811439176539
0.0972644687461478
0.09796207195217704
0.03515514732619729
0.02975020697633013
0.05231963273961138
0.05362538937180525
0.06654104094602054
0.06484228904948797
0.06592069505573822
0.06975869266588419
0.04311173749766667
0.03992581626036529
0.044175699503963606
0.04505425667261831
0.10378736960485123
0.0963263062231847
0.09973858432560301
0.10856781775184976
0.09035081500246034
0.09420306438044801
0.09243139892416541
0.09548259303145384
0.03941691502998346
0.04090869499468186
0.1181968974154447
0.11500399072669165
0.07825474186248416
meanF1a: 0.9095757630203563
meanF1b: 0.42826029814094396
test metrics model m64:
0.014178572836893773
0.03505171636664761
0.030928854275285467
0.03173353833926895
0.035242450281551485
0.03683723251206539
0.031267297445015885
0.08391398842022368
0.08961646589742878
0.09791479177090967
0.1084650228760945
0.09965823839495691
0.10499144504957231
0.0633101380409744
0.0655431289543722
0.10201378980274523
0.10996689661073389
0.03157476064812248
0.03484958034401964
0.048113691578020146
0.04969364506349172
0.061461533118261746
0.061464686965279514
0.06430701027298624
0.06901426045496195
0.04166447711787541
0.0418509997596046
0.04380430296236815
0.0420420656374777
0.11811639447734223
0.11944400055278659
0.09973273245371572
0.096290003127443
0.08678850675386496
0.08857892365117803
0.09126497704242509
0.09106554830805874
0.03844618494551566
0.04922694040560105
0.11260055041193873
0.10130208322984818
0.06376066923436731
meanF1a: 0.9113715796816797
meanF1b: 0.429164242460201
test metrics model m65:
0.024294040095861773
0.12135055481237722
0.108545039448182
0.11801570731421124
0.1190048095972317
0.12590737986595424
0.10114739078570867
0.09096449730642214
0.06572927049546484
0.14738793785840149
0.15590878802512836
0.20750162352499274
0.2147602942579948
0.18512879056500492
0.19111373345382465
0.1486109225526112
0.1438511524213224
0.0944771543528986
0.09123152390333761
0.12690392198420197
0.13554104011155643
0.10223138828704792
meanF1a: 0.9257433248807331
meanF1b: 0.5437922630731193
test metrics model m66:
0.023755644463657084
0.14582648801588916
0.1454680746398449
0.14232984001282123
0.14712550740869967
0.15189499509596172
0.12280793036644096
0.09068149472511366
0.07456566208754256
0.14273192103177185
0.1722799189684267
0.228690122026175
0.22181798015958676
0.19496895117329655
0.20414286176688923
0.14460763333748683
0.14012702698801222
0.08269139468120273
0.0838322812544623
0.1218350424476515
0.11462268807333303
0.10688671480532413
meanF1a: 0.9218991314603553
meanF1b: 0.5291694034434438
test metrics model m67:
0.01698586074922173
0.08670295073052925
0.08766534312408014
0.08474910214247366
0.09141663250934662
0.0915081986507782
0.07804643634415631
0.0823757579208364
0.05169463790644535
0.10686625080608209
0.1202912569873264
0.19014054965672678
0.18703297768957028
0.1839435224013239
0.17324592852149268
0.1250914114617666
0.12539982194994154
0.06829946542616833
0.06995044625205163
0.10722690933321921
0.09613736470041989
0.09355734350356759
meanF1a: 0.9366498670908523
meanF1b: 0.6088238404277491
test metrics model m68:
0.017266217042737703
0.08160997565785899
0.0816434258199952
0.08152588074789852
0.0882756839201871
0.09562844884657207
0.07824372687651132
0.07811039880089027
0.054014031355878456
0.11471016245387872
0.13517498451446247
0.19373001760326097
0.2029970610399165
0.18745821519754413
0.18803220176253577
0.1546361446232687
0.14572162325475874
0.0730134174844525
0.07289407562391398
0.10575164549896321
0.10741018539684444
0.08248137226957503
meanF1a: 0.9348448988455653
meanF1b: 0.6067725321187716
test metrics model m69:
0.018466863751185954
0.0936002248148109
0.09025973288951272
0.08235026485056507
0.10081307350274371
0.09671951046445504
0.0727765000602503
0.0809340555642396
0.0639372427923488
0.10297174517651225
0.11616778484248474
0.19812840666171883
0.19962085281736264
0.1764713053183466
0.18034883658416523
0.11626358635773965
0.128878170205099
0.0782542517354804
0.07989816542420158
0.11352412851904402
0.1120817471253234
0.09564300513708412
meanF1a: 0.9348322332531168
meanF1b: 0.6031255928243919
test metrics model m70:
0.01645177656824384
0.08720295187415855
0.08368993809336955
0.08662072595455039
0.09808062695219266
0.09251328158409389
0.0698128406580597
0.0808735200607279
0.052371488175078695
0.11380275083744978
0.1358208001487186
0.17572180038772295
0.17982747649080166
0.15885408028028492
0.16169405662570258
0.12962152062367305
0.13433753843401136
0.0651397385376038
0.06649910261208414
0.09594741507049409
0.09102023258197194
0.08858607771072091
meanF1a: 0.9367739526903268
meanF1b: 0.6156591512097858
test metrics model m71:
0.017975749744611736
0.09883091957439723
0.07497860999558675
0.08151481002254438
0.09605926076630984
0.08809456049997112
0.081927890626283
0.07818997386890159
0.047811908337554776
0.0971262878610673
0.1159885771868105
0.18895328646979997
0.18006456464469067
0.16577078207395557
0.16063659572158118
0.11752931772183284
0.1083321213254756
0.05927792777808663
0.06169969561907873
0.09088260450234797
0.09255886067706295
0.09505828535381389
meanF1a: 0.9389210009737818
meanF1b: 0.6197229190662308
test metrics model m72:
0.015475103667714136
0.0852342956880714
0.07566049245946171
0.07698000556559192
0.08220844649030912
0.08297074482509903
0.07524752578695848
0.06806313323590182
0.04586600445338174
0.08326296048663934
0.0995567687151308
0.19446249908290575
0.19109959398633847
0.185185683807354
0.1728418537333991
0.1277806460709463
0.126045876694662
0.06454464004392457
0.06032517889019817
0.08823436705453552
0.08191899014252746
0.07576202876302418
meanF1a: 0.9396430005118782
meanF1b: 0.6217625030210654
test metrics model m73:
0.01423629253803133
0.07821682311934396
0.09014137374482989
0.08933941504333365
0.079848285832261
0.07866057499691144
0.09072943870428657
0.08274568502463586
0.08390437502914483
0.09155116657890743
0.08684840359898609
0.06567520774164948
0.07782653877597445
0.0829714598504879
0.06813911923005395
0.0533955368647514
0.048023317670148
0.07735035402244106
0.073627539748922
0.08782640538030195
0.08248711109407336
0.07410333272338065
0.0709223479723865
0.09378938411995341
0.07526260642913207
0.08332881249366442
0.07302938048691221
0.07436630882588702
0.07512907677226766
0.08888536392348456
0.09532503486809984
0.08925645763139389
0.09836101586991641
0.10036966999474772
0.11299798414130413
0.10723605517510215
0.09991100271576009
0.10890220265840234
0.11542734915116759
0.15001747872033128
0.15051022406073328
0.07183613749417084
meanF1a: 0.9597477238158427
meanF1b: 0.7313610639579501
test metrics model m74:
0.015438992757730419
0.08143208563791748
0.08440065769740845
0.08021077219165942
0.07717335738410724
0.07996863321730341
0.08301365645046255
0.08661616970914768
0.08890350226254423
0.08703057102487793
0.08872485246172111
0.0718253861944117
0.09516529152255648
0.07818097871230323
0.07467466423154076
0.0584270501082681
0.04921055000451047
0.08061308373872145
0.07551285164803911
0.06874175159044044
0.07634803037836324
0.06712676428645473
0.0730322870662965
0.062329650973186435
0.071755370360081
0.07568692975196784
0.07488516306472326
0.07008931648824512
0.07101330927000943
0.08284306182443624
0.08637160383537634
0.07265241851998783
0.07636605040190148
0.09201559443593083
0.09676774629163343
0.08742568417725516
0.08748489259690351
0.137142573311616
0.14225257784137169
0.17030368271405982
0.15442816375637558
0.06523712281286864
meanF1a: 0.9597643820698613
meanF1b: 0.7255727635902212
test metrics model m75:
0.01492537698121227
0.07976258017462655
0.08620624227061824
0.07982330831887699
0.08388859967025439
0.08979824424842377
0.0858352317960679
0.08432854167646628
0.08916691119532526
0.09444967793143315
0.0705750081322503
0.07402321641470289
0.0764984268172354
0.08528303794839513
0.07209785111977868
0.05376770826672894
0.047487221838278804
0.06332553614853487
0.08364794067192727
0.06174826813317408
0.0699707376680116
0.06369539738139374
0.06301868304607627
0.07206248548358196
0.06545231271378227
0.07421637410145054
0.0673507489586268
0.0767284002847235
0.07085905348342281
0.09360643750398867
0.07978117786720618
0.07397132331590317
0.07492424995272673
0.0993911796920024
0.09189172698304582
0.09423878811857567
0.08778859335154643
0.1324920252111445
0.1269956663251821
0.17495820704668774
0.18576478607422936
0.06095999527266338
meanF1a: 0.9599985907455715
meanF1b: 0.7368151248031718
test metrics model m76:
0.014220876620791387
0.07644312624029315
0.07184033675494161
0.07258494063618237
0.07735880155160613
0.08174163916367416
0.07552605323086958
0.08263739058264558
0.08272549251402261
0.09552920900887496
0.08328101223990048
0.0653518218241077
0.08198568695984945
0.07579764332028127
0.07110511720460999
0.04525329889497709
0.04458930468452693
0.07077684503096035
0.07135213144384256
0.0580292149602436
0.05934446508921312
0.05601618889203386
0.05638148835577329
0.05582282514993764
0.05978409262305695
0.05910506473791344
0.06528821359102249
0.05866647014371251
0.06305666972808666
0.07514309583800483
0.07719738931173237
0.07812690249543988
0.0816350540231208
0.09106217113735643
0.0915484491289088
0.09111656845249816
0.09539569477147358
0.1425590414071618
0.13533803795082766
0.15699814476218044
0.15977961324532353
0.061420383334455986
meanF1a: 0.9614271454307627
meanF1b: 0.7394302804444083
test metrics model m77:
0.015554802090084398
0.08113223711770534
0.07785646542547164
0.08531577454673178
0.08016204711640562
0.07742211993793446
0.07651666815461566
0.09658814403345206
0.09263520320378393
0.10052046338051035
0.09850421732946957
0.0764491351797768
0.07108409600941165
0.08003324592327166
0.0715777395579601
0.047376638443826224
0.049326257029260856
0.07634268211544792
0.07548705042161291
0.06841031007161369
0.0651377666384999
0.061751065809463324
0.05877817419441589
0.07381758231751634
0.06412293451208073
0.06534567393241564
0.06223621255871892
0.06437899548436377
0.07216110340060944
0.07839910595152855
0.08023882232979163
0.07754996082562393
0.08359875687474805
0.11032898963615523
0.10658637087451428
0.10533180126474972
0.10208485299070025
0.11886657988395755
0.12244847676867499
0.1609612666551981
0.17013552434212792
0.05895376719824985
meanF1a: 0.9599528970982305
meanF1b: 0.7267911132558085
test metrics model m78:
0.01201336290958657
0.07675629124023853
0.06977001914481229
0.0740742964815736
0.07667577581344753
0.08153266128415004
0.07520171552775279
0.08182350496150159
0.0865523248520651
0.07591265664113678
0.07175803184329134
0.05400916232589337
0.0582875483165064
0.06150243082546866
0.06564106300954087
0.04211010236737195
0.04053134450470364
0.061864567472246196
0.05713882582635332
0.05715098151559861
0.05529924617785298
0.07268277610352492
0.053924274879153536
0.056876137369416435
0.05452658302334368
0.057242868795925356
0.05634439356566889
0.0594598022050421
0.059136338256323806
0.07114019519060366
0.07196363576469719
0.06549262142639958
0.07029841677305626
0.10254113078515531
0.1097692720513192
0.10443896370482586
0.11403475857897849
0.12963390374372383
0.13824646595874496
0.15723871977970927
0.16120606062765186
0.05440686665207717
meanF1a: 0.9617847409105555
meanF1b: 0.7462671939783585
test metrics model m79:
0.014296452056250089
0.08526390881441376
0.09325997514262752
0.08528212367836083
0.09064082414213509
0.08041732576781649
0.0940868541152894
0.0961698090238021
0.09651403269703741
0.09639540277115109
0.09555830630445633
0.07787665669943189
0.0760035903201639
0.07348125867822301
0.07593336530759148
0.05250940330589682
0.04812227987858464
0.07823202736175561
0.07384697011757546
0.06844589505155418
0.06052955932900628
0.06074524717579649
0.06298961482088894
0.06397331312813626
0.06192029517821018
0.06689507627600816
0.07282024380560237
0.06296194737580904
0.06695564248941221
0.0831851018068146
0.08019870922751737
0.0698898952649083
0.07128327580645544
0.09662092287483093
0.08776681899548212
0.09688410870125097
0.09187124708386163
0.11199567691709111
0.11071153406062789
0.14124499380373978
0.13888763461521048
0.06145920743942723
meanF1a: 0.9611048700927931
meanF1b: 0.731423389080706
test metrics model m80:
0.012302988945835956
0.06765475815941713
0.07198576074781304
0.06907875975305933
0.06630728007617503
0.06860933917062262
0.07545513753298377
0.07038900951243543
0.07113320568587345
0.07275376896538203
0.07685004174529177
0.05443232457900554
0.05859872584047754
0.06338670379496891
0.06191137430201854
0.04469011498370323
0.042000817979866656
0.057735181858378254
0.06251408765897937
0.06869307741356517
0.05583001809461746
0.06489311530635022
0.05617546727838019
0.054746250840112864
0.06327961233251134
0.06149340911388834
0.05968655598806394
0.06683333848308526
0.061162716692333974
0.07980740151478974
0.07314647317645848
0.07966659663328357
0.08115875001096418
0.09908075870201216
0.09287122290240735
0.10053761957398544
0.10288696937461417
0.1130067056178779
0.10943996757277885
0.15617471685703177
0.15971615094428981
0.05813391978867832
meanF1a: 0.9631693067385202
meanF1b: 0.7497257716969798
test metrics model m81:
0.022577426069667755
0.07849769218401026
0.0738183721488257
0.07205465248175191
0.1602863454352309
0.1563151446636738
0.04955073274966826
0.03980989134031643
0.07229545815688954
0.06927150179986796
0.09458046560455047
0.2130293251790356
0.19940565438301816
0.25597351876222163
0.26383822577234967
0.26492902175631206
0.2754059562324094
0.03955684164062373
0.04050038237412851
0.15590389439217306
0.08211362504533903
0.1057177873438618
meanF1a: 0.8989259128423835
meanF1b: 0.3318819791251558
test metrics model m82:
0.02453523317945931
0.07309797625885706
0.07394441747031877
0.07833584320791809
0.1440000832129621
0.14960593916401466
0.05062885399945183
0.041201154413980756
0.07416092549574393
0.07314424059266333
0.11146074645606363
0.20392016328789925
0.21625053176593256
0.26344209073051633
0.27537053264891115
0.28786455417846263
0.28580048888764886
0.05318529799925953
0.04028324634337033
0.13258015139283852
0.08709543505391482
0.11122624967650774
meanF1a: 0.8977460981070337
meanF1b: 0.3152093424039591
test metrics model m83:
0.01925381451370954
0.06623373012712108
0.07815282944870583
0.06133907317000664
0.13343557405993345
0.1385830503614458
0.05060019609668581
0.034664678779658065
0.06692917523019037
0.05535684029478605
0.0959223750094752
0.17212184903698882
0.1695940391206801
0.21113707854659908
0.2128871054031173
0.22491535200393456
0.22521543793585336
0.039059207206811664
0.04423970827769924
0.13407110184925086
0.08407179467058062
0.10363810676720075
meanF1a: 0.9047063572962427
meanF1b: 0.36721244872380393
test metrics model m84:
0.020939983374985396
0.0598168669195549
0.059556253977066154
0.0660969006950265
0.11772560258746767
0.12168757752798823
0.045819966903557996
0.03811533443796494
0.06152825904212711
0.05554379018785355
0.09184597179334592
0.2275023472205821
0.2280886259862513
0.28416994310585114
0.2932328882313
0.30245040793228367
0.31204151778580524
0.036811884105654835
0.037331744335352246
0.15365913817203458
0.09387864918148747
0.08715486524586158
meanF1a: 0.9005118269456386
meanF1b: 0.35128368582662184
test metrics model m85:
0.019509837404029416
0.0741934082537169
0.08200355549573679
0.06929331556092644
0.1456607288889995
0.1500418154057087
0.04460352497862824
0.0385721278509541
0.06690337865930407
0.06077514298222586
0.10142881675143856
0.1894183583596748
0.1932011986448926
0.24175997606851685
0.22872560637232525
0.23570597309359864
0.23836475500105342
0.04129816574884593
0.04609660157870937
0.14958040280965934
0.09894963322858397
0.07986089990426969
meanF1a: 0.8991992212577304
meanF1b: 0.35426491092657775
test metrics model m86:
0.019899844570253268
0.06397272990498298
0.07000497537231742
0.06380277615939944
0.13061074906279158
0.12405245175789231
0.04617851383385441
0.036292320457545324
0.07705760354987057
0.058220226393000896
0.10162855254875874
0.17499552749555325
0.1732131796234203
0.212538518116135
0.21386994558769856
0.22370547167934418
0.2286360602800881
0.03648977593145708
0.04062038031108828
0.15533158086940912
0.089153266357403
0.10182105189462654
meanF1a: 0.903785717385772
meanF1b: 0.3627920823918836
test metrics model m87:
0.020273578863417907
0.07157822297367805
0.06721181987414737
0.07461811082163416
0.13845329719050514
0.13204504344534893
0.053549295518187434
0.05023955615996245
0.07583090584575947
0.0740194793656287
0.11081101681617334
0.1896384966270152
0.20111621292320198
0.25394371248451325
0.2595588865375744
0.2620574726562522
0.2612593737161336
0.04149754241454273
0.04529894545648394
0.14921024345562128
0.08946052892910494
0.10166126633931655
meanF1a: 0.8981932345367978
meanF1b: 0.3431978247198905
test metrics model m88:
0.019337544867715377
0.06023681003275966
0.05831204735975348
0.0657111052786099
0.13545182459258798
0.1339501859726755
0.04182951868122842
0.039428827876475725
0.05756034647962105
0.05214913732513027
0.09283150656440153
0.1818525965599811
0.17738300391041362
0.2284656495393348
0.22696254314894082
0.23993891245290677
0.23918480159654687
0.03644735470710114
0.03685818479890829
0.11776670918249188
0.07754003320294356
0.07757944045709675
meanF1a: 0.9066719227620388
meanF1b: 0.37790578103686523
test metrics model m89:
0.017568128917541146
0.07344816690332606
0.07153833104156937
0.07210658533927683
0.08063605536140517
0.09498126252008521
0.0830605531352262
0.14718863560920176
0.14796277475537567
0.15340043488192795
0.1388639696855567
0.05017495139173511
0.04840277729163778
0.04038284933895664
0.04331244072085472
0.09751307543527421
0.0969652276556664
0.048286608237790185
0.05775903558059492
0.07391229369469113
0.06638266537145382
0.07034782488101565
0.0629176279802105
0.06616761810988647
0.07796694992774245
0.06940566763097011
0.07704233619329826
0.07004216969883914
0.07606499484504814
0.0767323803850497
0.07755398571541794
0.08787541943432187
0.08492891467996166
0.06262677812096684
0.06523202311959464
0.06530669957680002
0.06242951447369771
0.14487441895537273
0.14806020179784013
0.1489251279536653
0.14952913116953714
0.07294923259608299
meanF1a: 0.9348071436063821
meanF1b: 0.5512513898485201
test metrics model m90:
0.01641247841622126
0.07134431775656325
0.07571321917557206
0.06933635575867475
0.07366589209818664
0.08860496623827063
0.07355370694165486
0.13501549099548427
0.1335094805780089
0.14234643305605332
0.1332632954667848
0.04515221487539256
0.043683788537348445
0.03503055537203548
0.03973692671371454
0.08790588492328921
0.10962333421719772
0.04209052726374374
0.04929492909223354
0.06158059268358215
0.057446910158448494
0.0656395589497124
0.06505108970835716
0.0616565102533837
0.0602718464767692
0.06473828381790481
0.06933979997183748
0.0690900734068971
0.07518178321433389
0.07538759834385311
0.0771131168343685
0.07396945969587965
0.07419252352050665
0.057195123417773
0.05827317157421402
0.061792917194980534
0.056845305966491566
0.14948607225017835
0.14873947341809746
0.14038895520127737
0.1386146962227922
0.06995065593072969
meanF1a: 0.9371111918620121
meanF1b: 0.568385490610199
test metrics model m91:
0.012990081014655194
0.059525975951671084
0.06158511009156664
0.05660996093080384
0.05468462630771248
0.06930227024866187
0.059923427945106245
0.11976570429353006
0.12379582252884724
0.12512500778806146
0.1198880345529888
0.04253918307319715
0.04900052654374576
0.03314701737654169
0.033560343013644856
0.07706706971637162
0.0871743543987985
0.044023007080584486
0.043849094727827276
0.04824312723362367
0.04829604302602819
0.04813954309097063
0.046266689352197854
0.0502573843765749
0.05046512632325241
0.05807032131643039
0.06445542259663073
0.05543889217090678
0.06039667252547548
0.06548386774252597
0.06647519192582618
0.06522034635494461
0.061689436502992856
0.049000915272631396
0.05840677588141263
0.04789000052404724
0.04658857613598921
0.13813188398237597
0.13696312822845036
0.11571981133605513
0.1173093276381948
0.05259420896947711
meanF1a: 0.9426351736984332
meanF1b: 0.6042401746907842
test metrics model m92:
0.01711787229659569
0.0750710732748624
0.07395444529977302
0.0747876407432832
0.07854100078082943
0.09781668527437293
0.082611998380969
0.14235393329849175
0.14970206021994711
0.14654068532634018
0.1550029765786449
0.04876894435414558
0.044590730106146004
0.04192809427241084
0.03916289655760441
0.09882580955740072
0.08727928636806592
0.04649075858357521
0.04988395923883049
0.058523927326944225
0.05263652635358029
0.059817858670167756
0.06176730618403853
0.05660727738183774
0.05588316208430766
0.06985203732873235
0.06711750077933842
0.06666546456468435
0.06914957758173573
0.06857195108163967
0.07007660460961752
0.07292090723295314
0.07003644196117448
0.06536230439016544
0.060242011873344326
0.06182729589926417
0.0649105995556033
0.1547158568809362
0.14915974406097576
0.14133773440852537
0.13889216159833606
0.058481887810917677
meanF1a: 0.9352410203420979
meanF1b: 0.5630442808559695
test metrics model m93:
0.016525168584254672
0.08079718342889247
0.08240004513354432
0.06832902453579609
0.08351241799634279
0.08262155156116197
0.07835623404505299
0.14192596887925055
0.1420670815627295
0.14796275658165006
0.1446238341611668
0.051567469422506396
0.04400090621450525
0.04109846055811883
0.03868511857131218
0.08802818665857326
0.09115909127277827
0.04403746167481154
0.04088358722227847
0.05826622345276303
0.061532251284292516
0.058178732692796165
0.05645812265089645
0.06484735889483795
0.05238125230727242
0.06593136184901935
0.061039580364982984
0.06096031831717205
0.063802675702171
0.0636437800816269
0.06461861238261679
0.07228781917542958
0.07020580725005987
0.05323934160607258
0.06220155418468787
0.05408038918185465
0.05913775229173479
0.1493317570392817
0.14890556699720092
0.14144031185826267
0.14381319224143885
0.07028289313495487
meanF1a: 0.9360826805398247
meanF1b: 0.5674288707966613
test metrics model m94:
0.01663859493349227
0.06654553573225319
0.06666951553665423
0.07423314248061152
0.06432089122653362
0.07017072646759914
0.06530967318865466
0.13920778229003367
0.13859363985242157
0.15025888605499554
0.13038976675008163
0.05345710727699793
0.044818253729287605
0.042801340137882116
0.039248219717353594
0.09136939162189761
0.09086811501973013
0.04936777912831758
0.04248966252116554
0.06417086576664899
0.06302619653037939
0.06871376091309113
0.05981087880769734
0.06240587907333789
0.061091238214984855
0.08124295688441456
0.06926377372388237
0.0732054144342499
0.07532787223687763
0.07618689199208255
0.07693027314732126
0.08184209541828179
0.079445939559193
0.058024881552907526
0.06248562780545408
0.059052412630219486
0.060469590099365866
0.15290122614096235
0.15290593328105773
0.14397785963950727
0.14167908024332865
0.0749132762029151
meanF1a: 0.9374442129055481
meanF1b: 0.5690370533303496
test metrics model m95:
0.02100281158501101
0.07026982440548424
0.07260147697301311
0.06844592628521218
0.07796849025065766
0.06959599813748407
0.07067894018326348
0.12929714554580352
0.13436339598356006
0.13959249616438418
0.13474311051211174
0.051528478965377766
0.05410273218389905
0.043154984752272585
0.03793790277756243
0.093768637801527
0.08893087948994338
0.050782011397303206
0.0516828460097184
0.0731086787244779
0.06811826184330683
0.06992640771278524
0.0710162885236586
0.0671715045977207
0.07363030151947425
0.07561823025833647
0.08361127865223439
0.0775202416559786
0.08799353982964875
0.09896366539420975
0.07951917640259965
0.08470041505151771
0.09131269134469555
0.052454709200671745
0.054405684047435954
0.05767463724175914
0.05670657137288626
0.1513341714494652
0.1513612858394356
0.15140603762859917
0.15236038792800677
0.07299944853639839
meanF1a: 0.9362104070850767
meanF1b: 0.5502300192594197
test metrics model m96:
0.020259106939038877
0.07390108651547789
0.07355620682460251
0.077930088844467
0.07189348899998838
0.07342046774619282
0.07596544364622992
0.16057402124166303
0.1634766676097772
0.15842469856374497
0.1536976512053559
0.0592084808768818
0.053231681462416414
0.04375324531686842
0.04195327629213641
0.11097583960705987
0.11444698549246668
0.0502155099318351
0.04903820935636427
0.0737097664130143
0.06741172484940561
0.06683621217946523
0.07167856714229537
0.07240736882395205
0.07283117117322757
0.08277889135331129
0.08613087579243373
0.0758486742496749
0.084951606075366
0.09036919284591094
0.08212543965672914
0.08141676393232133
0.08622467943959244
0.07440575851490344
0.07888668987458036
0.07342159247109004
0.09087843198546625
0.15774222300591123
0.14777203378619996
0.14456338256270085
0.1540498481021566
0.07514823484439759
meanF1a: 0.9331563696426997
meanF1b: 0.5319195784219133
